request,latency,mem
epigenomics_9323_entry_0,1.0,1.0
epigenomics_9323_fastqSplit_0,48.578458163766385,107.61088378092316
epigenomics_9323_fastqSplit_1,57.7240599296086,105.96569613352665
epigenomics_9323_filterContams_0,20.43311903970189,57.44139384199689
epigenomics_9323_filterContams_1,19.294202212227898,48.74532206798263
epigenomics_9323_filterContams_2,16.87233051316971,83.59687294036613
epigenomics_9323_filterContams_3,17.51776038141051,71.43983517389076
epigenomics_9323_filterContams_4,20.515853740596487,73.26237899268529
epigenomics_9323_filterContams_5,19.484816875987164,80.20790004274315
epigenomics_9323_filterContams_6,17.74702373775066,62.7681548526834
epigenomics_9323_filterContams_7,25.85405153613612,60.32449629941635
epigenomics_9323_filterContams_8,25.297569002985888,58.44758458319007
epigenomics_9323_filterContams_9,25.38942223625572,56.79771998481924
epigenomics_9323_filterContams_10,18.95907299191728,68.0886790803769
epigenomics_9323_filterContams_11,21.221243017883697,76.9295756761821
epigenomics_9323_filterContams_12,29.54353400475793,62.23513191226316
epigenomics_9323_filterContams_13,22.98628510652678,56.8292759244829
epigenomics_9323_filterContams_14,20.163214044699693,73.11504481159203
epigenomics_9323_filterContams_15,17.647427664249175,57.0901651499578
epigenomics_9323_filterContams_16,16.157181132110562,53.68832560439406
epigenomics_9323_filterContams_17,21.00604539894979,75.65711751754316
epigenomics_9323_filterContams_18,23.31957893438929,64.07940470018649
epigenomics_9323_filterContams_19,18.53305917573649,63.80302492757628
epigenomics_9323_filterContams_20,25.772033189824825,55.42176707603018
epigenomics_9323_filterContams_21,16.479142124319218,60.036710670286546
epigenomics_9323_filterContams_22,16.726467970583307,62.42446274941713
epigenomics_9323_filterContams_23,23.344757916398727,62.551723929545346
epigenomics_9323_filterContams_24,18.41605199294368,74.54080181790732
epigenomics_9323_filterContams_25,26.8674300539248,61.32839159413602
epigenomics_9323_filterContams_26,19.932719339818856,60.598831758016765
epigenomics_9323_filterContams_27,19.640591479288748,65.53235525992115
epigenomics_9323_filterContams_28,17.508890754369958,66.99960971894699
epigenomics_9323_filterContams_29,21.047691869239376,66.07168441906119
epigenomics_9323_filterContams_30,20.23813545218771,64.38487126627018
epigenomics_9323_filterContams_31,22.073567012347358,65.25085553449487
epigenomics_9323_filterContams_32,16.58922864939076,66.6920882300159
epigenomics_9323_filterContams_33,22.07601986420755,65.6918804088715
epigenomics_9323_filterContams_34,19.356412541970514,71.74935307884267
epigenomics_9323_filterContams_35,22.26815502310157,72.3105876508818
epigenomics_9323_filterContams_36,21.140103089427086,57.06053540859073
epigenomics_9323_filterContams_37,27.766870202211855,50.94325134493045
epigenomics_9323_filterContams_38,21.696789890733506,78.70617118710955
epigenomics_9323_filterContams_39,19.05614071575528,73.58140906338289
epigenomics_9323_filterContams_40,18.24311737446409,71.20138385844996
epigenomics_9323_filterContams_41,16.648654614012855,63.257426513180675
epigenomics_9323_filterContams_42,21.53948337908482,63.953545820907124
epigenomics_9323_filterContams_43,18.88984600704095,78.56455321621368
epigenomics_9323_filterContams_44,15.713048333580279,60.43168071296826
epigenomics_9323_filterContams_45,21.28212464647638,55.842144324784044
epigenomics_9323_filterContams_46,19.11804693707686,73.51327074720137
epigenomics_9323_filterContams_47,23.44507076150541,73.16354576157035
epigenomics_9323_filterContams_48,17.032755100437754,77.93330302921882
epigenomics_9323_filterContams_49,18.68460000852317,67.0160230529727
epigenomics_9323_filterContams_50,23.89226866874947,81.45994334859333
epigenomics_9323_filterContams_51,17.23362290869839,75.54040069715587
epigenomics_9323_filterContams_52,21.51495996686082,68.39165442535507
epigenomics_9323_filterContams_53,25.316706622632356,38.397151633758284
epigenomics_9323_filterContams_54,21.443630383064686,62.87994757015517
epigenomics_9323_filterContams_55,18.099262806334504,82.68487250200604
epigenomics_9323_filterContams_56,13.49205367352684,69.92869892347869
epigenomics_9323_filterContams_57,19.24724784453259,62.86962638302216
epigenomics_9323_filterContams_58,20.83739299510679,53.33964133446673
epigenomics_9323_filterContams_59,22.38965011646552,56.93680569844484
epigenomics_9323_filterContams_60,18.438170602154045,53.90899733402228
epigenomics_9323_filterContams_61,15.193537393074406,69.14245248206994
epigenomics_9323_filterContams_62,19.61398486832674,44.92369704827814
epigenomics_9323_filterContams_63,12.664756869021192,57.71828640001996
epigenomics_9323_filterContams_64,19.421938035516416,72.79577519424106
epigenomics_9323_filterContams_65,20.749857607801715,72.55858393451386
epigenomics_9323_filterContams_66,16.347916797905405,70.06265844668543
epigenomics_9323_filterContams_67,20.50562077540165,73.4342953338751
epigenomics_9323_filterContams_68,20.49927239810777,72.54883199481336
epigenomics_9323_filterContams_69,18.277546030121204,75.57068653164885
epigenomics_9323_filterContams_70,21.737994422482313,68.31934140435999
epigenomics_9323_filterContams_71,17.09608488389399,72.15248902950412
epigenomics_9323_filterContams_72,16.64676154395432,69.60610986712929
epigenomics_9323_filterContams_73,20.15111201465572,71.5265265546445
epigenomics_9323_filterContams_74,22.40947443511904,69.50917823781542
epigenomics_9323_filterContams_75,20.85996965569137,49.82972544788038
epigenomics_9323_filterContams_76,21.5958065905467,65.88438606145787
epigenomics_9323_filterContams_77,20.436760570320963,72.5033932725507
epigenomics_9323_filterContams_78,18.051980369938544,70.95522389695668
epigenomics_9323_filterContams_79,14.83415542811421,56.511488558043624
epigenomics_9323_filterContams_80,23.49329407277155,59.94831527373901
epigenomics_9323_filterContams_81,18.42764360104369,55.140562312162174
epigenomics_9323_filterContams_82,25.550675755261032,64.4400400646337
epigenomics_9323_filterContams_83,25.67161041095089,75.18962665075819
epigenomics_9323_filterContams_84,22.67585102759189,58.98252871349844
epigenomics_9323_filterContams_85,22.93148854348889,57.333581437153406
epigenomics_9323_filterContams_86,16.455202777725088,65.59602399002372
epigenomics_9323_filterContams_87,13.545387613774242,60.67794492297314
epigenomics_9323_filterContams_88,15.771882002116921,50.63050351855889
epigenomics_9323_filterContams_89,19.95429779446367,65.12813952659435
epigenomics_9323_filterContams_90,25.030071825146862,61.00255480329067
epigenomics_9323_filterContams_91,16.31790815642334,62.938448002065236
epigenomics_9323_filterContams_92,23.210143956151263,60.83305581965669
epigenomics_9323_filterContams_93,19.28649216632034,67.63941859551412
epigenomics_9323_filterContams_94,9.448976740927312,56.29991548577433
epigenomics_9323_filterContams_95,19.920845782543214,72.6424489495596
epigenomics_9323_filterContams_96,16.060501611422126,69.61832270615285
epigenomics_9323_filterContams_97,17.34970195986091,59.965427183148314
epigenomics_9323_filterContams_98,19.914423577084435,70.16647291382115
epigenomics_9323_filterContams_99,19.88576429431165,66.38027622563389
epigenomics_9323_filterContams_100,18.819906471428865,63.95338934944405
epigenomics_9323_filterContams_101,12.039993061590245,40.18637511401293
epigenomics_9323_filterContams_102,20.65991107067878,50.10494358174361
epigenomics_9323_filterContams_103,22.733994402992042,63.442453444668416
epigenomics_9323_filterContams_104,17.658209248765278,66.74778061963963
epigenomics_9323_filterContams_105,17.528178480655622,50.30045694197291
epigenomics_9323_filterContams_106,22.44333029308452,63.071046074330695
epigenomics_9323_filterContams_107,19.649085369891797,61.55741963856245
epigenomics_9323_filterContams_108,18.973760105869204,50.29681656817996
epigenomics_9323_filterContams_109,22.840600823707792,65.41189423573756
epigenomics_9323_filterContams_110,23.99029145911287,62.81325682733374
epigenomics_9323_filterContams_111,25.576918838395926,70.42842841724044
epigenomics_9323_filterContams_112,12.40432855836221,63.80341697215303
epigenomics_9323_filterContams_113,19.107017979890376,58.77158443426062
epigenomics_9323_filterContams_114,15.63309267356265,76.85288853690562
epigenomics_9323_filterContams_115,18.66794726223991,53.698135434255455
epigenomics_9323_filterContams_116,21.428153468736287,77.47450812466718
epigenomics_9323_filterContams_117,16.522144386411732,58.282902955507666
epigenomics_9323_filterContams_118,21.636844600501714,61.407457768991534
epigenomics_9323_filterContams_119,23.8184322917368,59.25111273382815
epigenomics_9323_filterContams_120,18.507919337919763,74.8422778664814
epigenomics_9323_filterContams_121,21.687722938912092,71.51803163415963
epigenomics_9323_filterContams_122,21.712337510235855,58.808220960676756
epigenomics_9323_filterContams_123,19.706386835853884,57.69111183436871
epigenomics_9323_filterContams_124,23.099763196440794,70.25560284285963
epigenomics_9323_filterContams_125,21.47886668068438,65.07768812292893
epigenomics_9323_filterContams_126,14.81669480444031,57.98780224182728
epigenomics_9323_filterContams_127,23.95350631829794,79.09119379299376
epigenomics_9323_filterContams_128,16.931923982411266,71.62355273351079
epigenomics_9323_filterContams_129,16.435253578033546,59.785428591341926
epigenomics_9323_filterContams_130,22.816867392382807,73.57050629043982
epigenomics_9323_filterContams_131,23.304019623954453,69.8620019517472
epigenomics_9323_filterContams_132,17.19012324978934,71.62087506166094
epigenomics_9323_filterContams_133,18.563436101117,56.745206922533
epigenomics_9323_filterContams_134,18.72611857850259,73.86940157806274
epigenomics_9323_filterContams_135,20.272855345874476,62.45556616623121
epigenomics_9323_filterContams_136,17.637128996233695,53.662482383002
epigenomics_9323_filterContams_137,21.555325332963015,64.01766553157852
epigenomics_9323_filterContams_138,24.084614543849028,67.33453160688263
epigenomics_9323_filterContams_139,19.573480752435735,75.14752822725568
epigenomics_9323_filterContams_140,15.824963545357976,60.08313956986764
epigenomics_9323_filterContams_141,19.514282720985527,64.58633209763494
epigenomics_9323_filterContams_142,18.926562303476437,44.293091362868495
epigenomics_9323_filterContams_143,24.78757695657608,55.80665192621435
epigenomics_9323_filterContams_144,18.936694663291075,63.47696148337972
epigenomics_9323_filterContams_145,18.42591321084877,65.04947411460596
epigenomics_9323_filterContams_146,20.645673670329924,74.32008186514567
epigenomics_9323_filterContams_147,19.529903241166,54.23563918780729
epigenomics_9323_filterContams_148,16.804438953725448,71.2497054808661
epigenomics_9323_filterContams_149,19.50772530614202,60.794077962535454
epigenomics_9323_filterContams_150,18.560454911857317,52.60366609607961
epigenomics_9323_filterContams_151,19.81828461326178,58.44208585800911
epigenomics_9323_filterContams_152,19.227118762073033,59.70809116330358
epigenomics_9323_filterContams_153,23.62442624527266,67.22125913814115
epigenomics_9323_filterContams_154,18.726400767534354,69.28812465181444
epigenomics_9323_filterContams_155,18.592374117198897,61.03228732186243
epigenomics_9323_filterContams_156,23.519700923949994,63.47412539391677
epigenomics_9323_filterContams_157,17.19648668946627,64.9765754459718
epigenomics_9323_filterContams_158,21.062003103307937,65.04927298863005
epigenomics_9323_filterContams_159,23.687904706660625,75.3880828844508
epigenomics_9323_filterContams_160,20.233165636088142,73.42121165012715
epigenomics_9323_filterContams_161,18.021233813403338,59.379805373984205
epigenomics_9323_filterContams_162,18.84998147996027,59.71450946159904
epigenomics_9323_filterContams_163,22.042377907351472,70.93072801608335
epigenomics_9323_filterContams_164,17.57664996127216,71.23455851159684
epigenomics_9323_filterContams_165,19.45807877479244,71.6874227757935
epigenomics_9323_filterContams_166,17.892538055909412,67.87137616006186
epigenomics_9323_filterContams_167,24.216466530617765,62.4106167240933
epigenomics_9323_filterContams_168,22.12642748325585,54.13633749281763
epigenomics_9323_filterContams_169,19.29081365286888,57.00222579697619
epigenomics_9323_filterContams_170,17.71406324181694,54.52278327348252
epigenomics_9323_filterContams_171,19.982271537272172,56.51138495436255
epigenomics_9323_filterContams_172,17.277659991075883,57.66278092758916
epigenomics_9323_filterContams_173,22.642138626568617,57.73441122516753
epigenomics_9323_filterContams_174,22.55869706526503,68.11686908333517
epigenomics_9323_filterContams_175,18.57220174882307,52.48851544182385
epigenomics_9323_filterContams_176,19.795649336395805,69.14827226054452
epigenomics_9323_filterContams_177,21.9767481669492,76.60512116477824
epigenomics_9323_filterContams_178,19.675391559314313,63.75990882047755
epigenomics_9323_filterContams_179,18.95596240174512,65.11863178286723
epigenomics_9323_filterContams_180,23.53941916344183,59.151909959755734
epigenomics_9323_filterContams_181,14.72402873590246,65.37765532079034
epigenomics_9323_filterContams_182,16.084057095342473,51.40056788088327
epigenomics_9323_filterContams_183,22.76113051039853,65.81500533086546
epigenomics_9323_filterContams_184,23.288878868643486,66.8107390375956
epigenomics_9323_filterContams_185,19.368664887272576,62.623681245926946
epigenomics_9323_filterContams_186,24.573827582030866,61.42364017759065
epigenomics_9323_filterContams_187,19.80716106397002,74.5889151905643
epigenomics_9323_filterContams_188,20.239909402575893,73.34943807851558
epigenomics_9323_filterContams_189,25.360450104261723,66.66154711714505
epigenomics_9323_filterContams_190,19.49403791755847,74.08783742998345
epigenomics_9323_filterContams_191,18.944394877984735,68.99812518469753
epigenomics_9323_filterContams_192,19.678020465892327,62.00361485492997
epigenomics_9323_filterContams_193,20.630768486441447,60.01008979780357
epigenomics_9323_filterContams_194,24.069352318942627,55.60324205549276
epigenomics_9323_filterContams_195,19.369351624765617,67.2388998478956
epigenomics_9323_filterContams_196,17.377472854601468,66.0621821606125
epigenomics_9323_filterContams_197,23.674447489266335,85.96092699252229
epigenomics_9323_filterContams_198,21.263485438923563,70.75071951267405
epigenomics_9323_filterContams_199,16.53537026166753,52.34353558191894
epigenomics_9323_filterContams_200,24.19195357145114,60.32718069253572
epigenomics_9323_filterContams_201,19.1635975032481,60.27630965082225
epigenomics_9323_filterContams_202,24.966942951050928,61.61066949642955
epigenomics_9323_filterContams_203,20.87801057806376,68.07546549288662
epigenomics_9323_filterContams_204,24.28176289773302,67.86381105633761
epigenomics_9323_filterContams_205,19.45951881355859,74.27632387165715
epigenomics_9323_filterContams_206,22.50989309530023,67.2223078546095
epigenomics_9323_filterContams_207,21.071309221671083,59.98416264658675
epigenomics_9323_filterContams_208,21.1900493323881,68.22201902346288
epigenomics_9323_filterContams_209,16.85277608290769,57.19564403581407
epigenomics_9323_filterContams_210,24.108664914096238,74.16150059672648
epigenomics_9323_filterContams_211,22.725971566267678,66.28723833842443
epigenomics_9323_filterContams_212,21.304479491368635,69.64019208710053
epigenomics_9323_filterContams_213,23.181242449116674,67.6192816816307
epigenomics_9323_filterContams_214,23.15158621449122,63.99549782036543
epigenomics_9323_filterContams_215,27.35763680392818,66.92063680731758
epigenomics_9323_filterContams_216,18.381122421354704,58.95821776458265
epigenomics_9323_filterContams_217,21.13596345129602,56.062824002272876
epigenomics_9323_filterContams_218,22.899465976460814,46.001357016689596
epigenomics_9323_filterContams_219,19.18856008629418,51.607921697992204
epigenomics_9323_filterContams_220,14.426093254216232,52.97343827884151
epigenomics_9323_filterContams_221,20.85534431186674,67.51650704011738
epigenomics_9323_filterContams_222,16.59039149088258,43.78904981342099
epigenomics_9323_filterContams_223,23.47652328966368,59.989890753988945
epigenomics_9323_filterContams_224,19.89658638115291,72.28494670767931
epigenomics_9323_filterContams_225,20.824514336581522,56.79031872365741
epigenomics_9323_filterContams_226,17.748374199668476,55.52674406661568
epigenomics_9323_filterContams_227,16.670188379782406,62.8382220541338
epigenomics_9323_filterContams_228,21.280786610174403,72.23762506522472
epigenomics_9323_filterContams_229,25.244791734111065,60.18426576668637
epigenomics_9323_filterContams_230,20.147818773634263,55.74716034995299
epigenomics_9323_filterContams_231,20.129880309262504,63.734732565650404
epigenomics_9323_filterContams_232,20.617377748058168,67.40054543510004
epigenomics_9323_filterContams_233,20.3870908394556,66.95089580425758
epigenomics_9323_filterContams_234,18.23682398979999,67.06355595470343
epigenomics_9323_filterContams_235,18.2759417645564,62.47820711885645
epigenomics_9323_filterContams_236,17.228143749316317,65.24389364472904
epigenomics_9323_filterContams_237,16.110222950728428,66.59432328709246
epigenomics_9323_filterContams_238,18.776371649325746,66.67936000142787
epigenomics_9323_filterContams_239,16.883477268497867,72.71241323623339
epigenomics_9323_filterContams_240,15.193346367478753,55.64791023918115
epigenomics_9323_filterContams_241,18.64255424206619,65.08593718850882
epigenomics_9323_filterContams_242,20.92156719461425,71.87151811882102
epigenomics_9323_filterContams_243,20.17115868849355,62.6789564134625
epigenomics_9323_filterContams_244,24.4786433774899,59.95847930414365
epigenomics_9323_filterContams_245,21.7973539281119,54.36160830870809
epigenomics_9323_filterContams_246,20.55972012294203,53.9301085161677
epigenomics_9323_filterContams_247,17.101458798838813,59.37527748452854
epigenomics_9323_filterContams_248,19.024397822930066,54.42180669957959
epigenomics_9323_filterContams_249,21.2398493322116,63.51216505428165
epigenomics_9323_filterContams_250,18.62271712779608,62.848577859799434
epigenomics_9323_filterContams_251,21.286192333277434,59.84059386083679
epigenomics_9323_filterContams_252,23.46507110806652,75.63227900386629
epigenomics_9323_filterContams_253,16.51043967968424,66.70206843919712
epigenomics_9323_filterContams_254,18.909631656567964,60.85068017249085
epigenomics_9323_filterContams_255,23.073910369586873,69.2556856146295
epigenomics_9323_filterContams_256,21.749311746191363,63.14786405873698
epigenomics_9323_filterContams_257,22.591256354504257,59.12978819911917
epigenomics_9323_filterContams_258,19.34299576328803,69.8947209928113
epigenomics_9323_filterContams_259,14.703557282224342,65.57384809015923
epigenomics_9323_filterContams_260,23.833874850315688,84.51707175199053
epigenomics_9323_filterContams_261,18.264727912868796,68.05058772031877
epigenomics_9323_filterContams_262,19.532688867373246,65.93435849131895
epigenomics_9323_filterContams_263,20.086847894436538,63.80305454125424
epigenomics_9323_filterContams_264,21.388835557306688,74.43670580009757
epigenomics_9323_filterContams_265,17.84471645325109,77.76040701720292
epigenomics_9323_filterContams_266,19.509208960921754,64.50248492503177
epigenomics_9323_filterContams_267,20.726328577400913,73.2322401173363
epigenomics_9323_filterContams_268,19.89637745997223,65.76539515817076
epigenomics_9323_filterContams_269,18.71487987170286,66.26984451338186
epigenomics_9323_filterContams_270,22.929995716655615,57.41990814523654
epigenomics_9323_filterContams_271,23.992658367704454,53.86330852838424
epigenomics_9323_filterContams_272,20.98345140777982,75.00912463459669
epigenomics_9323_filterContams_273,15.30606785826662,61.91003499412834
epigenomics_9323_filterContams_274,22.74257753754071,71.10132002963348
epigenomics_9323_filterContams_275,23.727376535633276,61.96217691316414
epigenomics_9323_filterContams_276,23.526037819211428,61.973851519611344
epigenomics_9323_filterContams_277,15.283148689738713,60.67578184447894
epigenomics_9323_filterContams_278,18.147655715713373,79.3902545464851
epigenomics_9323_filterContams_279,19.866311249222854,65.13173796436291
epigenomics_9323_filterContams_280,23.35182504000875,76.70459881939361
epigenomics_9323_filterContams_281,20.59410984938963,64.0771200660497
epigenomics_9323_filterContams_282,21.825077834694717,65.24912284380648
epigenomics_9323_filterContams_283,11.041665063071346,63.2185543400415
epigenomics_9323_filterContams_284,21.30616794844525,77.00194887987622
epigenomics_9323_filterContams_285,20.066110901920236,71.26195898926647
epigenomics_9323_filterContams_286,16.663902222104817,73.98717042873866
epigenomics_9323_filterContams_287,18.17174740146109,65.45159876128568
epigenomics_9323_filterContams_288,16.888867861036754,71.89460489813271
epigenomics_9323_filterContams_289,18.37183594763774,65.2217595671657
epigenomics_9323_filterContams_290,19.03934204982282,77.15710279229977
epigenomics_9323_filterContams_291,20.160830065787525,77.81437886506566
epigenomics_9323_filterContams_292,18.88543347579126,72.89771119342628
epigenomics_9323_filterContams_293,14.818632038121187,81.98219388818815
epigenomics_9323_filterContams_294,17.853617560576062,61.80898028416417
epigenomics_9323_filterContams_295,22.134011721312106,66.25941591135856
epigenomics_9323_filterContams_296,18.015786262458285,63.00402645214176
epigenomics_9323_filterContams_297,17.22070312610918,57.10511069133844
epigenomics_9323_filterContams_298,17.920718248137007,64.43663556654333
epigenomics_9323_filterContams_299,24.16058201275633,53.627390924696094
epigenomics_9323_filterContams_300,22.530526991553877,68.6476593431643
epigenomics_9323_filterContams_301,23.82091278254549,56.88109297933593
epigenomics_9323_filterContams_302,17.71565237420119,78.84667164194215
epigenomics_9323_filterContams_303,22.168323412936363,56.22103000136278
epigenomics_9323_filterContams_304,12.030945067943092,57.32857839505502
epigenomics_9323_filterContams_305,20.872453271955795,69.91761479110299
epigenomics_9323_filterContams_306,15.991821740166777,71.87556548692864
epigenomics_9323_filterContams_307,13.541416186902431,70.17014020203241
epigenomics_9323_filterContams_308,24.251077317276966,76.15536875066641
epigenomics_9323_filterContams_309,15.009045631249691,66.11597280302884
epigenomics_9323_filterContams_310,19.243466671770477,48.6089390928251
epigenomics_9323_filterContams_311,16.737580193463064,63.85808087942568
epigenomics_9323_filterContams_312,15.69339515922313,57.37751592770344
epigenomics_9323_filterContams_313,16.082643734282872,58.11718112127015
epigenomics_9323_filterContams_314,19.269045749380144,53.85979797364933
epigenomics_9323_filterContams_315,23.228547829167695,63.916029207321365
epigenomics_9323_filterContams_316,21.890512819375406,61.52074004953629
epigenomics_9323_filterContams_317,24.926404215362552,61.11654352195725
epigenomics_9323_filterContams_318,20.996247782505666,64.48881150839786
epigenomics_9323_filterContams_319,13.921272429826303,61.20515307063941
epigenomics_9323_filterContams_320,22.11193524959526,59.24283722850289
epigenomics_9323_filterContams_321,20.780843947439,81.65875712117169
epigenomics_9323_filterContams_322,20.10301860772247,72.97662227738961
epigenomics_9323_filterContams_323,20.14839163241803,80.63309312397327
epigenomics_9323_filterContams_324,17.735975226890915,67.26429544223546
epigenomics_9323_filterContams_325,26.04079613662295,41.83071040188262
epigenomics_9323_filterContams_326,18.68798490863397,68.33489982685742
epigenomics_9323_filterContams_327,19.662515223163723,65.4028052463194
epigenomics_9323_filterContams_328,17.953214543556186,62.645594075960645
epigenomics_9323_filterContams_329,16.963406076377105,63.68900772131727
epigenomics_9323_filterContams_330,20.24179764213845,60.07485847975282
epigenomics_9323_filterContams_331,21.70851525941529,78.38784488751114
epigenomics_9323_filterContams_332,19.136438281385892,60.753614859748474
epigenomics_9323_filterContams_333,18.622527698626072,55.40687976963714
epigenomics_9323_filterContams_334,18.602700471996364,64.14515299730644
epigenomics_9323_filterContams_335,23.406240245230745,62.373427531295555
epigenomics_9323_filterContams_336,17.94575103820133,66.66379777338489
epigenomics_9323_filterContams_337,19.96268748040277,68.61783302335887
epigenomics_9323_filterContams_338,18.052759442099372,68.46199917888501
epigenomics_9323_filterContams_339,17.3017748253455,60.687792202899175
epigenomics_9323_filterContams_340,20.327467239139082,63.29382009520408
epigenomics_9323_filterContams_341,19.24474129087196,58.95608579503002
epigenomics_9323_filterContams_342,15.272670673342484,64.40015561291575
epigenomics_9323_filterContams_343,20.658656222443714,61.16587118527738
epigenomics_9323_filterContams_344,18.2622472035307,61.077135274235474
epigenomics_9323_filterContams_345,21.37404652133136,61.07915605566089
epigenomics_9323_filterContams_346,19.597178868616407,66.93176368445843
epigenomics_9323_filterContams_347,17.341886733754713,54.77421710961721
epigenomics_9323_filterContams_348,23.43897011727685,59.91165385710861
epigenomics_9323_filterContams_349,15.91554677387392,68.56023724337192
epigenomics_9323_filterContams_350,15.632161806539782,74.76528664989091
epigenomics_9323_filterContams_351,16.573425439216425,69.52254003409745
epigenomics_9323_filterContams_352,14.3283665032461,57.585740859931676
epigenomics_9323_filterContams_353,16.945750159137766,55.81708046425804
epigenomics_9323_filterContams_354,26.502632978251732,54.12616825918277
epigenomics_9323_filterContams_355,19.148225758448056,68.38111078141456
epigenomics_9323_filterContams_356,19.36786367929858,61.2226660717875
epigenomics_9323_filterContams_357,14.745395924766653,66.7025604630105
epigenomics_9323_filterContams_358,22.586347500007868,62.79000520959451
epigenomics_9323_filterContams_359,23.20296355844532,66.13810884570387
epigenomics_9323_filterContams_360,19.599629098688535,62.60381381871704
epigenomics_9323_filterContams_361,26.763910070322986,50.2957054726822
epigenomics_9323_filterContams_362,19.937480813451558,65.59340076687401
epigenomics_9323_filterContams_363,14.987367287322119,50.30494236579318
epigenomics_9323_filterContams_364,18.858754177508196,63.64721286548613
epigenomics_9323_filterContams_365,17.408059164322832,74.03618883313649
epigenomics_9323_filterContams_366,21.28290810569788,60.20706384760087
epigenomics_9323_filterContams_367,19.78676297826213,79.52919837411649
epigenomics_9323_filterContams_368,21.628319793372874,61.44457982207213
epigenomics_9323_filterContams_369,20.67274343109054,63.69835515842136
epigenomics_9323_filterContams_370,18.243199611142956,73.8168954146621
epigenomics_9323_filterContams_371,23.714339756018948,52.154366481690204
epigenomics_9323_filterContams_372,13.385378802120037,54.62162130273017
epigenomics_9323_filterContams_373,17.42580489078716,55.79060311799816
epigenomics_9323_filterContams_374,19.07121547427145,63.54316898407409
epigenomics_9323_filterContams_375,20.75801372465214,63.538468488305675
epigenomics_9323_filterContams_376,24.923223566223378,71.74445335647928
epigenomics_9323_filterContams_377,20.984899925388458,59.03853349572081
epigenomics_9323_filterContams_378,21.54405885703583,61.86171628757221
epigenomics_9323_filterContams_379,21.036876186005724,68.99992537644815
epigenomics_9323_filterContams_380,15.357385354290784,73.78784362149624
epigenomics_9323_filterContams_381,19.94509876125429,59.78757075235329
epigenomics_9323_filterContams_382,16.802129739465713,69.68823086588027
epigenomics_9323_filterContams_383,19.425496321455277,76.28454694534865
epigenomics_9323_filterContams_384,21.412100557062246,58.83518889626423
epigenomics_9323_filterContams_385,23.326591861177434,65.71862076993557
epigenomics_9323_filterContams_386,16.02059915331279,66.05220088086236
epigenomics_9323_filterContams_387,24.63176361899042,60.336912952071415
epigenomics_9323_filterContams_388,24.520569757142617,68.6877356148824
epigenomics_9323_filterContams_389,15.943718854657815,59.422474780342384
epigenomics_9323_filterContams_390,23.037538446973652,66.0836011387067
epigenomics_9323_filterContams_391,25.212329647272266,59.783496038927396
epigenomics_9323_filterContams_392,16.227628322863374,59.46819347383331
epigenomics_9323_filterContams_393,21.567026476969357,59.12111612099603
epigenomics_9323_filterContams_394,19.77628924410981,71.59738000655828
epigenomics_9323_filterContams_395,23.41396468897282,61.1561531091411
epigenomics_9323_filterContams_396,21.80051810875173,79.85534246342655
epigenomics_9323_filterContams_397,19.233817163320218,51.29687140174932
epigenomics_9323_filterContams_398,21.803407667004546,66.83860373410319
epigenomics_9323_filterContams_399,20.488891768341496,45.955419263116134
epigenomics_9323_filterContams_400,20.008258554374507,63.25826629796594
epigenomics_9323_filterContams_401,25.565450822782047,74.6982841116837
epigenomics_9323_filterContams_402,18.168267548887655,74.33108803058033
epigenomics_9323_filterContams_403,18.78344563114679,68.80982305735404
epigenomics_9323_filterContams_404,23.17650175018758,54.6919193065385
epigenomics_9323_filterContams_405,16.680349914147026,50.320103128818154
epigenomics_9323_filterContams_406,14.551718681020024,70.98348192412581
epigenomics_9323_filterContams_407,17.153752174365934,61.67995892255418
epigenomics_9323_filterContams_408,12.53700646445113,66.46807112566246
epigenomics_9323_filterContams_409,19.238449822609095,71.46239926011089
epigenomics_9323_filterContams_410,24.110736881395358,69.00157570872321
epigenomics_9323_filterContams_411,24.52952733044159,80.081777129705
epigenomics_9323_filterContams_412,17.315353014343977,67.29888260128651
epigenomics_9323_filterContams_413,25.70944083568035,69.33299434862407
epigenomics_9323_filterContams_414,19.866486184308474,65.96386489699226
epigenomics_9323_filterContams_415,17.205493863011945,59.81043097533383
epigenomics_9323_filterContams_416,21.59750250405451,81.34806007532255
epigenomics_9323_filterContams_417,21.776351146362398,58.297656079781234
epigenomics_9323_filterContams_418,22.379362235411428,64.8227907941257
epigenomics_9323_filterContams_419,16.00296595776083,50.88267735631567
epigenomics_9323_filterContams_420,24.34300742415314,65.97350755624187
epigenomics_9323_filterContams_421,21.880499356571796,68.70834615422379
epigenomics_9323_filterContams_422,25.261141269184,59.81070352887183
epigenomics_9323_filterContams_423,16.13244819166584,61.11580820951202
epigenomics_9323_filterContams_424,21.899179292408483,45.408089427110575
epigenomics_9323_filterContams_425,16.971449051474924,67.02324462281777
epigenomics_9323_filterContams_426,20.03029220684691,60.53709648861191
epigenomics_9323_filterContams_427,18.146040870925347,73.23479492631685
epigenomics_9323_filterContams_428,19.393060502749165,55.45920886189727
epigenomics_9323_filterContams_429,23.049844228762733,87.27569513460102
epigenomics_9323_filterContams_430,21.42476667800834,54.18017091736748
epigenomics_9323_filterContams_431,21.655529497912326,58.640930796513196
epigenomics_9323_filterContams_432,21.29666413151712,64.31157242950643
epigenomics_9323_filterContams_433,20.519660553692525,81.84970592450276
epigenomics_9323_filterContams_434,23.32282666097477,62.33293619186989
epigenomics_9323_filterContams_435,18.128693435532185,62.79471347552265
epigenomics_9323_filterContams_436,20.2817069064047,55.99146634875931
epigenomics_9323_filterContams_437,15.361246208498791,84.74235968389505
epigenomics_9323_filterContams_438,23.04831075850428,62.30066178585733
epigenomics_9323_filterContams_439,21.964552512962417,79.10746350879586
epigenomics_9323_filterContams_440,23.220046049992412,59.59867999903632
epigenomics_9323_filterContams_441,21.1612274237309,63.374059285137356
epigenomics_9323_filterContams_442,18.548839543484554,56.93860216139165
epigenomics_9323_filterContams_443,19.760516419364663,66.50153408016679
epigenomics_9323_filterContams_444,14.947987669004046,74.5000010207961
epigenomics_9323_filterContams_445,19.557091788879863,77.24250489573708
epigenomics_9323_filterContams_446,20.510407797194546,65.35335415875399
epigenomics_9323_filterContams_447,19.889229724870013,62.84887783310766
epigenomics_9323_filterContams_448,19.185806359790483,54.62573221019311
epigenomics_9323_filterContams_449,26.68977416057555,52.236995705586835
epigenomics_9323_filterContams_450,20.669552582962357,48.68516935806959
epigenomics_9323_filterContams_451,21.724022484813588,65.24005723534809
epigenomics_9323_filterContams_452,26.304748404052066,60.75592795896404
epigenomics_9323_filterContams_453,17.89173791167922,60.0802005392275
epigenomics_9323_filterContams_454,23.7998214158885,60.813704629776076
epigenomics_9323_filterContams_455,24.05100125180998,53.973942062903554
epigenomics_9323_filterContams_456,17.838177340379115,70.01283780103581
epigenomics_9323_filterContams_457,10.9592437280321,70.17483907176596
epigenomics_9323_filterContams_458,15.64632030476874,60.95781545934935
epigenomics_9323_filterContams_459,22.5470877317342,50.70924575512335
epigenomics_9323_filterContams_460,13.440178520144322,64.91301197010668
epigenomics_9323_filterContams_461,20.57648465822421,69.85040393314131
epigenomics_9323_filterContams_462,13.933790321697419,66.67562377911496
epigenomics_9323_filterContams_463,14.827637952541401,73.6440548053207
epigenomics_9323_filterContams_464,17.6766585598795,52.615055187007684
epigenomics_9323_filterContams_465,24.304691602174753,66.25713568854665
epigenomics_9323_filterContams_466,22.085355655578006,79.61192814878032
epigenomics_9323_filterContams_467,24.85015696831419,66.08714591807438
epigenomics_9323_filterContams_468,16.68584426336601,67.00640698037962
epigenomics_9323_filterContams_469,22.89513336353493,60.96035349075029
epigenomics_9323_filterContams_470,23.49174085969669,72.73211317809563
epigenomics_9323_filterContams_471,16.85154724244166,51.16445368160201
epigenomics_9323_filterContams_472,15.952138274204621,70.87694625607662
epigenomics_9323_filterContams_473,21.625160118458226,55.35192589610079
epigenomics_9323_filterContams_474,23.929362302315866,46.625911353679015
epigenomics_9323_filterContams_475,22.550741433457937,61.379617002112994
epigenomics_9323_filterContams_476,16.849316867487374,54.101886326389135
epigenomics_9323_filterContams_477,15.85295716402272,66.12381151388992
epigenomics_9323_filterContams_478,15.241935767461285,59.581454703053886
epigenomics_9323_filterContams_479,21.818783903934058,65.7205497147249
epigenomics_9323_filterContams_480,16.615408473341112,67.13314498022123
epigenomics_9323_filterContams_481,21.492959973023986,66.34094154456352
epigenomics_9323_filterContams_482,18.03559528842183,66.46687182205677
epigenomics_9323_filterContams_483,19.702586531022728,65.62497464043815
epigenomics_9323_filterContams_484,22.321849763773173,64.3255380313566
epigenomics_9323_filterContams_485,24.223766620753093,79.68766473529229
epigenomics_9323_filterContams_486,22.325141817477125,63.53039689665094
epigenomics_9323_filterContams_487,21.88112342531367,63.15848434891737
epigenomics_9323_filterContams_488,16.74201359424743,69.74239604568076
epigenomics_9323_filterContams_489,15.077018936954396,58.313341407449336
epigenomics_9323_filterContams_490,17.66434375781034,68.24941809555463
epigenomics_9323_filterContams_491,22.320065712344046,57.719231388207525
epigenomics_9323_filterContams_492,18.263151820959862,74.78341629189636
epigenomics_9323_filterContams_493,16.831091652081565,60.63956701864966
epigenomics_9323_filterContams_494,17.06328718086083,56.16257249843427
epigenomics_9323_filterContams_495,23.557780552321656,58.796695889648504
epigenomics_9323_filterContams_496,15.28106697812061,61.24422876461426
epigenomics_9323_filterContams_497,20.716032337206034,72.27402516132052
epigenomics_9323_filterContams_498,21.388764897924418,76.35495761037285
epigenomics_9323_filterContams_499,21.203284658718044,56.72309676622869
epigenomics_9323_sol2sanger_0,74.79827311212989,50.78146025685585
epigenomics_9323_sol2sanger_1,77.78008926947662,56.39863949869431
epigenomics_9323_sol2sanger_2,73.8344380278802,60.46486708914482
epigenomics_9323_sol2sanger_3,83.85897457453447,63.649857131579346
epigenomics_9323_sol2sanger_4,75.88691946554043,52.204028629093
epigenomics_9323_sol2sanger_5,83.93409294537001,48.48197117788151
epigenomics_9323_sol2sanger_6,79.44965695828493,50.38978093950591
epigenomics_9323_sol2sanger_7,72.64031701707559,48.98568623313348
epigenomics_9323_sol2sanger_8,86.8568042064447,50.87120444578274
epigenomics_9323_sol2sanger_9,80.86619479348735,57.60956793227865
epigenomics_9323_sol2sanger_10,71.16708413897481,37.996702694839875
epigenomics_9323_sol2sanger_11,77.84464123590028,51.41073413697971
epigenomics_9323_sol2sanger_12,75.87227802296655,39.97103557017258
epigenomics_9323_sol2sanger_13,77.98243839325464,49.457710264552446
epigenomics_9323_sol2sanger_14,73.5777008897734,56.18077181181934
epigenomics_9323_sol2sanger_15,83.55199668153672,46.603946516172655
epigenomics_9323_sol2sanger_16,88.73289468476281,52.49249751885095
epigenomics_9323_sol2sanger_17,80.72642641012038,37.97612142623702
epigenomics_9323_sol2sanger_18,77.418351987015,48.58900454132036
epigenomics_9323_sol2sanger_19,86.58327056598304,37.24712123677681
epigenomics_9323_sol2sanger_20,80.07699328750047,38.9788206513863
epigenomics_9323_sol2sanger_21,80.10387138316044,44.5723143586986
epigenomics_9323_sol2sanger_22,85.82467942732103,41.09374297288792
epigenomics_9323_sol2sanger_23,92.53629728007357,49.54821759657146
epigenomics_9323_sol2sanger_24,79.35155381296761,43.71366788810951
epigenomics_9323_sol2sanger_25,78.86865164795414,43.27955791421131
epigenomics_9323_sol2sanger_26,81.1061923945278,44.21017281964037
epigenomics_9323_sol2sanger_27,77.66188671044021,49.4694051944788
epigenomics_9323_sol2sanger_28,79.34580960927805,45.00291121463165
epigenomics_9323_sol2sanger_29,89.37446937317169,36.12611408553576
epigenomics_9323_sol2sanger_30,76.99510577652289,24.343331926997195
epigenomics_9323_sol2sanger_31,82.33822971661169,52.438249071067304
epigenomics_9323_sol2sanger_32,83.72285054013196,37.118121119136596
epigenomics_9323_sol2sanger_33,81.89680768926517,52.59848836730208
epigenomics_9323_sol2sanger_34,79.74604349750231,44.38007302135373
epigenomics_9323_sol2sanger_35,82.82738790305417,51.54959463208588
epigenomics_9323_sol2sanger_36,83.84491596754175,63.6616166364653
epigenomics_9323_sol2sanger_37,84.4500036445347,54.92077670812208
epigenomics_9323_sol2sanger_38,73.91758252918116,57.550447309948794
epigenomics_9323_sol2sanger_39,83.50464998302824,39.84445333634811
epigenomics_9323_sol2sanger_40,75.30100492198927,46.087127835031396
epigenomics_9323_sol2sanger_41,78.31470893554112,44.75891960567538
epigenomics_9323_sol2sanger_42,83.15758342261874,53.6658395834952
epigenomics_9323_sol2sanger_43,76.62146517866505,43.13699186068002
epigenomics_9323_sol2sanger_44,71.5660530659537,53.55686686436269
epigenomics_9323_sol2sanger_45,83.00084899356087,46.019960163708575
epigenomics_9323_sol2sanger_46,84.8306601767485,39.5200368334995
epigenomics_9323_sol2sanger_47,76.74468162669254,49.43812366917871
epigenomics_9323_sol2sanger_48,76.65716971081694,49.14864656156814
epigenomics_9323_sol2sanger_49,78.50363418509077,53.63445649510738
epigenomics_9323_sol2sanger_50,83.64815644394872,31.243394834278906
epigenomics_9323_sol2sanger_51,79.44427863347326,44.87347543900287
epigenomics_9323_sol2sanger_52,78.91091310093199,49.37455585255671
epigenomics_9323_sol2sanger_53,69.97006328787289,30.722318309826814
epigenomics_9323_sol2sanger_54,76.28636747829381,45.41413458984209
epigenomics_9323_sol2sanger_55,84.03186347941754,41.91791279761271
epigenomics_9323_sol2sanger_56,77.28027738843558,63.34952196590501
epigenomics_9323_sol2sanger_57,77.36906197448165,33.97322392302725
epigenomics_9323_sol2sanger_58,83.60808382739572,41.354552853276125
epigenomics_9323_sol2sanger_59,91.34336807637312,44.87511962027329
epigenomics_9323_sol2sanger_60,89.45412219761732,75.35223586602204
epigenomics_9323_sol2sanger_61,87.55325458600477,50.9427349599814
epigenomics_9323_sol2sanger_62,79.1755677054423,36.90524448735205
epigenomics_9323_sol2sanger_63,73.93251345525775,38.46909736647266
epigenomics_9323_sol2sanger_64,84.41183556461348,36.671248151554394
epigenomics_9323_sol2sanger_65,71.82836696128413,38.68994296153127
epigenomics_9323_sol2sanger_66,73.12198837535982,28.196496940436127
epigenomics_9323_sol2sanger_67,80.68622659383078,47.37753370315704
epigenomics_9323_sol2sanger_68,84.31851190943338,50.22059909410482
epigenomics_9323_sol2sanger_69,81.08660676221662,39.60434322433704
epigenomics_9323_sol2sanger_70,77.88386971949454,41.423008404670625
epigenomics_9323_sol2sanger_71,81.49790704391859,45.2369466028135
epigenomics_9323_sol2sanger_72,74.28809375426681,28.890079275447842
epigenomics_9323_sol2sanger_73,81.61529732829837,44.73087415620848
epigenomics_9323_sol2sanger_74,80.04419423765218,34.74776666245521
epigenomics_9323_sol2sanger_75,86.70507295275738,53.19195091740282
epigenomics_9323_sol2sanger_76,85.95448749249665,34.08942477075327
epigenomics_9323_sol2sanger_77,77.01398644964519,50.26424115238259
epigenomics_9323_sol2sanger_78,76.56501018957874,43.68884653309351
epigenomics_9323_sol2sanger_79,80.92135194249916,50.3938036817684
epigenomics_9323_sol2sanger_80,86.56389045998213,41.332047002143184
epigenomics_9323_sol2sanger_81,78.37801508238756,44.749628864051026
epigenomics_9323_sol2sanger_82,79.21124760908972,52.11781150164663
epigenomics_9323_sol2sanger_83,83.19320413836337,44.85528885234941
epigenomics_9323_sol2sanger_84,77.01115457073561,51.194553510914275
epigenomics_9323_sol2sanger_85,71.3276221492896,42.008960981153564
epigenomics_9323_sol2sanger_86,75.58634638725766,44.72520506215427
epigenomics_9323_sol2sanger_87,82.45634733224493,58.72136464914237
epigenomics_9323_sol2sanger_88,88.55542285059475,31.6868624418008
epigenomics_9323_sol2sanger_89,81.30193024023069,58.44300019139474
epigenomics_9323_sol2sanger_90,74.46724397222263,45.717437231132664
epigenomics_9323_sol2sanger_91,81.07027586341613,44.240903161997835
epigenomics_9323_sol2sanger_92,81.81371496584651,49.262835747997705
epigenomics_9323_sol2sanger_93,81.89792121686233,53.542603434702926
epigenomics_9323_sol2sanger_94,74.52409469994628,56.550273820224554
epigenomics_9323_sol2sanger_95,74.16453517559513,43.69188436002641
epigenomics_9323_sol2sanger_96,85.73782242865624,58.15428221100901
epigenomics_9323_sol2sanger_97,68.93882953166475,46.397430385126036
epigenomics_9323_sol2sanger_98,80.84247642504678,51.035175451093046
epigenomics_9323_sol2sanger_99,78.91944251709907,50.32686309375197
epigenomics_9323_sol2sanger_100,79.32061509663646,45.0051159666086
epigenomics_9323_sol2sanger_101,75.66953854622753,58.89529689445515
epigenomics_9323_sol2sanger_102,83.49916512174407,35.539914008346415
epigenomics_9323_sol2sanger_103,81.7334476811239,40.60564566212294
epigenomics_9323_sol2sanger_104,80.45131760733386,47.168120480187355
epigenomics_9323_sol2sanger_105,86.78871291249536,50.220370345813585
epigenomics_9323_sol2sanger_106,77.0273120285599,27.336744114646283
epigenomics_9323_sol2sanger_107,80.09907726967126,46.39154697993708
epigenomics_9323_sol2sanger_108,77.78601143593916,46.39277209237257
epigenomics_9323_sol2sanger_109,88.15073037375433,51.344880088938815
epigenomics_9323_sol2sanger_110,75.15214709905818,36.82636560624979
epigenomics_9323_sol2sanger_111,79.19776222195766,42.37514327092749
epigenomics_9323_sol2sanger_112,78.92490600359173,47.64006703498004
epigenomics_9323_sol2sanger_113,85.92406458678056,63.168076633406656
epigenomics_9323_sol2sanger_114,79.01061024865155,49.18056601069504
epigenomics_9323_sol2sanger_115,76.4549252221313,47.74100856388803
epigenomics_9323_sol2sanger_116,81.63183876648561,55.118057774234764
epigenomics_9323_sol2sanger_117,71.76094858768019,42.14692733390513
epigenomics_9323_sol2sanger_118,75.67884485829734,38.8496292331957
epigenomics_9323_sol2sanger_119,79.49271471353119,33.20048704247447
epigenomics_9323_sol2sanger_120,81.35738392447075,32.01214800176363
epigenomics_9323_sol2sanger_121,91.50537148749015,40.59796240807306
epigenomics_9323_sol2sanger_122,76.50944154849844,43.90512504083686
epigenomics_9323_sol2sanger_123,81.24055919220875,28.7111729454165
epigenomics_9323_sol2sanger_124,83.15762551894453,38.29234934861169
epigenomics_9323_sol2sanger_125,75.53343307484847,59.4479278117345
epigenomics_9323_sol2sanger_126,82.5531991666306,41.595311850084435
epigenomics_9323_sol2sanger_127,71.90311321946737,50.240056856221955
epigenomics_9323_sol2sanger_128,86.0893275822646,42.37349844147799
epigenomics_9323_sol2sanger_129,86.89447509412864,37.636310382938355
epigenomics_9323_sol2sanger_130,83.87978687001858,42.624998927599435
epigenomics_9323_sol2sanger_131,78.61837922329238,34.460367436447015
epigenomics_9323_sol2sanger_132,81.04374459483574,45.78470020272444
epigenomics_9323_sol2sanger_133,84.38599228921028,40.01594658537418
epigenomics_9323_sol2sanger_134,81.55707083329176,30.324351642702638
epigenomics_9323_sol2sanger_135,76.39200840643886,47.308297253726025
epigenomics_9323_sol2sanger_136,73.127590133397,35.49663376622709
epigenomics_9323_sol2sanger_137,77.84893031279493,30.152031960484813
epigenomics_9323_sol2sanger_138,82.48062791105352,55.83256365141338
epigenomics_9323_sol2sanger_139,86.08290124658954,42.25477367387483
epigenomics_9323_sol2sanger_140,74.44426377483835,62.35302232853085
epigenomics_9323_sol2sanger_141,78.40632039821689,43.4548731264993
epigenomics_9323_sol2sanger_142,81.89619477718489,49.925529805588006
epigenomics_9323_sol2sanger_143,83.0260344801715,47.25667235940127
epigenomics_9323_sol2sanger_144,73.89994617817112,41.23006615899351
epigenomics_9323_sol2sanger_145,79.26694707167226,39.41326624447903
epigenomics_9323_sol2sanger_146,85.6455545753577,40.809967163220534
epigenomics_9323_sol2sanger_147,75.17068841358572,46.53410046551244
epigenomics_9323_sol2sanger_148,72.8287295411547,58.11025772541505
epigenomics_9323_sol2sanger_149,73.75223743430999,47.07571154012532
epigenomics_9323_sol2sanger_150,93.79896328693975,37.8717763281405
epigenomics_9323_sol2sanger_151,73.75240281263574,40.205486063540825
epigenomics_9323_sol2sanger_152,87.91998144322054,46.995849885502196
epigenomics_9323_sol2sanger_153,81.99165493753047,30.72441381489428
epigenomics_9323_sol2sanger_154,84.44291783640625,51.858427889191475
epigenomics_9323_sol2sanger_155,85.43322011162161,37.83841984896672
epigenomics_9323_sol2sanger_156,75.93753155756445,63.91545606166323
epigenomics_9323_sol2sanger_157,86.24551762432542,57.36718261178966
epigenomics_9323_sol2sanger_158,75.46959554376238,49.178594746468846
epigenomics_9323_sol2sanger_159,81.15152717641608,47.098222530297434
epigenomics_9323_sol2sanger_160,79.71720683097841,45.346679123267045
epigenomics_9323_sol2sanger_161,72.30264226703108,36.15208339590474
epigenomics_9323_sol2sanger_162,80.37548704566932,54.452621615752264
epigenomics_9323_sol2sanger_163,86.16275583359398,54.74392739532294
epigenomics_9323_sol2sanger_164,74.83090255523868,42.84289143090807
epigenomics_9323_sol2sanger_165,75.96554478250893,54.41306947953069
epigenomics_9323_sol2sanger_166,86.67001886222464,39.404702661785265
epigenomics_9323_sol2sanger_167,81.84226463644067,42.890341889796176
epigenomics_9323_sol2sanger_168,84.95352422321702,45.887753031707014
epigenomics_9323_sol2sanger_169,76.89573349735981,47.27490027646686
epigenomics_9323_sol2sanger_170,72.1793829129224,60.66590870039004
epigenomics_9323_sol2sanger_171,75.46299970258558,47.35682300524589
epigenomics_9323_sol2sanger_172,80.65071401926463,48.56224097311949
epigenomics_9323_sol2sanger_173,78.9090047049866,32.40054271828147
epigenomics_9323_sol2sanger_174,87.12906243743295,48.70067891255351
epigenomics_9323_sol2sanger_175,77.86706282225549,44.06851461981018
epigenomics_9323_sol2sanger_176,73.46160728963764,49.97181111103524
epigenomics_9323_sol2sanger_177,80.88004163629184,65.08807354803926
epigenomics_9323_sol2sanger_178,81.46932921274545,35.08251571997338
epigenomics_9323_sol2sanger_179,81.47127794580867,40.127183615582915
epigenomics_9323_sol2sanger_180,85.77990137599534,56.17280921112466
epigenomics_9323_sol2sanger_181,78.97721096895457,43.68045007402233
epigenomics_9323_sol2sanger_182,88.3027906876358,36.01835719505487
epigenomics_9323_sol2sanger_183,82.9927978465437,46.25302413207139
epigenomics_9323_sol2sanger_184,79.63645879815493,49.21388479327186
epigenomics_9323_sol2sanger_185,88.52726634609148,44.60596873477487
epigenomics_9323_sol2sanger_186,87.35991664865155,42.96328542005688
epigenomics_9323_sol2sanger_187,77.14266911968485,40.44069584042483
epigenomics_9323_sol2sanger_188,74.5454592464736,48.228767070138446
epigenomics_9323_sol2sanger_189,87.776259436142,37.13647218713911
epigenomics_9323_sol2sanger_190,76.43138101336815,45.19161426221128
epigenomics_9323_sol2sanger_191,82.46659216405514,45.717729436805
epigenomics_9323_sol2sanger_192,76.65661473775192,41.15677930926951
epigenomics_9323_sol2sanger_193,86.28914889573186,44.50621384557542
epigenomics_9323_sol2sanger_194,90.12117261994342,57.653680029133675
epigenomics_9323_sol2sanger_195,75.02210904886697,35.89415649003013
epigenomics_9323_sol2sanger_196,79.23121907902564,50.845157083430415
epigenomics_9323_sol2sanger_197,79.1366951588985,42.75332130861723
epigenomics_9323_sol2sanger_198,81.84854961228815,46.187444032067184
epigenomics_9323_sol2sanger_199,80.73937553489644,28.064154171746065
epigenomics_9323_sol2sanger_200,84.90065446993682,53.65044279673816
epigenomics_9323_sol2sanger_201,72.27913672456158,54.516264797484766
epigenomics_9323_sol2sanger_202,78.01720752612721,43.34950314933304
epigenomics_9323_sol2sanger_203,82.00046636484704,61.67752537988497
epigenomics_9323_sol2sanger_204,71.23093505797156,36.90080074418821
epigenomics_9323_sol2sanger_205,81.31139700336652,58.25249542271524
epigenomics_9323_sol2sanger_206,93.88905015430599,44.45165954720718
epigenomics_9323_sol2sanger_207,75.79670673608759,63.92577740589469
epigenomics_9323_sol2sanger_208,84.95410525586101,51.70909964158015
epigenomics_9323_sol2sanger_209,70.33471367366468,40.316577463559305
epigenomics_9323_sol2sanger_210,81.47748133478626,51.93745360782656
epigenomics_9323_sol2sanger_211,76.92106109473355,48.28138135966863
epigenomics_9323_sol2sanger_212,70.12491561674673,44.569169547512004
epigenomics_9323_sol2sanger_213,81.67960359906152,40.67658032403682
epigenomics_9323_sol2sanger_214,83.46891552155509,50.526620407480735
epigenomics_9323_sol2sanger_215,76.53454798491641,45.45869800571078
epigenomics_9323_sol2sanger_216,78.69834358911946,43.457935793906
epigenomics_9323_sol2sanger_217,81.59156460990049,61.24219656146661
epigenomics_9323_sol2sanger_218,81.43146466619906,41.208679991002356
epigenomics_9323_sol2sanger_219,73.5618201735489,40.882112658107616
epigenomics_9323_sol2sanger_220,75.98694557036659,46.72161993375924
epigenomics_9323_sol2sanger_221,86.90451265632598,43.82392620256058
epigenomics_9323_sol2sanger_222,79.475630908771,41.81556825158819
epigenomics_9323_sol2sanger_223,79.36697100850677,45.75203994924503
epigenomics_9323_sol2sanger_224,75.02550857677566,48.16622616162899
epigenomics_9323_sol2sanger_225,75.37911872524526,43.230500130763254
epigenomics_9323_sol2sanger_226,84.1746155713728,43.21962101661192
epigenomics_9323_sol2sanger_227,81.66449116520191,37.73714822934512
epigenomics_9323_sol2sanger_228,71.79024239145568,38.49763782160778
epigenomics_9323_sol2sanger_229,79.17009604087131,42.05418969571106
epigenomics_9323_sol2sanger_230,76.20296754215653,39.814148293511636
epigenomics_9323_sol2sanger_231,78.86615250558962,37.224591340222375
epigenomics_9323_sol2sanger_232,76.56940200618342,54.53069559224312
epigenomics_9323_sol2sanger_233,69.6500847038975,63.21067023545503
epigenomics_9323_sol2sanger_234,90.3750691697716,49.02564668266441
epigenomics_9323_sol2sanger_235,75.29379100509858,40.90730841615607
epigenomics_9323_sol2sanger_236,83.66272877623426,37.87792695628894
epigenomics_9323_sol2sanger_237,85.3609919945157,36.610474313309446
epigenomics_9323_sol2sanger_238,88.77893828490124,42.309388787243705
epigenomics_9323_sol2sanger_239,77.34488048027565,50.46355590260099
epigenomics_9323_sol2sanger_240,78.16728971662182,47.68874179134739
epigenomics_9323_sol2sanger_241,79.4844093272808,33.68722641736966
epigenomics_9323_sol2sanger_242,82.15701848371994,33.133457766360216
epigenomics_9323_sol2sanger_243,87.4383931601381,41.60869700319623
epigenomics_9323_sol2sanger_244,82.01486152017904,55.37174896681927
epigenomics_9323_sol2sanger_245,76.85865678245052,39.85611580725883
epigenomics_9323_sol2sanger_246,83.64732652604629,55.716537981384214
epigenomics_9323_sol2sanger_247,79.41359834964648,39.591906469769725
epigenomics_9323_sol2sanger_248,85.44544581995919,42.480666529836746
epigenomics_9323_sol2sanger_249,80.09930050292287,31.826930803642355
epigenomics_9323_sol2sanger_250,73.50006834098241,40.07191672504275
epigenomics_9323_sol2sanger_251,84.96371170555236,39.96315048910833
epigenomics_9323_sol2sanger_252,70.67964996474909,54.67228586959662
epigenomics_9323_sol2sanger_253,76.65211737416689,42.79949479487182
epigenomics_9323_sol2sanger_254,83.00008166149895,51.40101420799423
epigenomics_9323_sol2sanger_255,77.70619130748214,47.88783906795048
epigenomics_9323_sol2sanger_256,74.54111868019216,48.10692843354254
epigenomics_9323_sol2sanger_257,72.38976246788354,40.32944411288049
epigenomics_9323_sol2sanger_258,90.08515950981473,45.02125533674112
epigenomics_9323_sol2sanger_259,70.71110214971372,36.543385223867716
epigenomics_9323_sol2sanger_260,84.71139283702023,41.07793387817846
epigenomics_9323_sol2sanger_261,80.25076550944988,43.1232362014445
epigenomics_9323_sol2sanger_262,84.56221432273516,36.4223896119221
epigenomics_9323_sol2sanger_263,86.49950614937303,48.51268217961686
epigenomics_9323_sol2sanger_264,84.17719929848514,42.08511080574391
epigenomics_9323_sol2sanger_265,86.84597519205185,45.73348039197152
epigenomics_9323_sol2sanger_266,87.14561124969808,49.15946425914041
epigenomics_9323_sol2sanger_267,75.97901155174632,46.964174456501986
epigenomics_9323_sol2sanger_268,79.02318863722172,29.121378233448844
epigenomics_9323_sol2sanger_269,83.6906194766982,54.78032359694299
epigenomics_9323_sol2sanger_270,84.25362167747326,41.845726103289316
epigenomics_9323_sol2sanger_271,80.069308081892,28.160417521612533
epigenomics_9323_sol2sanger_272,77.65234903329485,45.227830985329156
epigenomics_9323_sol2sanger_273,89.80723663671158,55.22648548112741
epigenomics_9323_sol2sanger_274,80.73740298286167,51.0054386863766
epigenomics_9323_sol2sanger_275,77.83504580625386,59.14957527568731
epigenomics_9323_sol2sanger_276,86.76542726373685,49.881615623451616
epigenomics_9323_sol2sanger_277,65.83859399116024,45.32882287631325
epigenomics_9323_sol2sanger_278,81.93405501523245,34.28713215332983
epigenomics_9323_sol2sanger_279,79.89222160673258,45.63266710226002
epigenomics_9323_sol2sanger_280,73.2705534941923,47.00879792968577
epigenomics_9323_sol2sanger_281,77.33170308767228,58.42300340010489
epigenomics_9323_sol2sanger_282,80.11240337623158,54.7817778349645
epigenomics_9323_sol2sanger_283,72.13009417947823,51.1653714810073
epigenomics_9323_sol2sanger_284,73.9056976350437,32.83955920295786
epigenomics_9323_sol2sanger_285,80.7542599491388,35.11917123054624
epigenomics_9323_sol2sanger_286,84.84277767820817,33.864812708788136
epigenomics_9323_sol2sanger_287,76.20224065143297,41.87767151288727
epigenomics_9323_sol2sanger_288,78.50939483408766,49.223926984960116
epigenomics_9323_sol2sanger_289,84.28518497681526,48.5047836942902
epigenomics_9323_sol2sanger_290,74.0431217118658,52.37265539788719
epigenomics_9323_sol2sanger_291,73.10619312866432,37.07405910150943
epigenomics_9323_sol2sanger_292,77.96977030980875,47.619961930710595
epigenomics_9323_sol2sanger_293,79.18167229927185,52.26321804728026
epigenomics_9323_sol2sanger_294,78.89113630453335,50.2145748733969
epigenomics_9323_sol2sanger_295,85.80463131619152,46.01456883772442
epigenomics_9323_sol2sanger_296,84.00713885418769,48.30591011006172
epigenomics_9323_sol2sanger_297,80.77114079716874,36.140283217386504
epigenomics_9323_sol2sanger_298,73.29264107605074,36.32467148886735
epigenomics_9323_sol2sanger_299,80.04726438897997,40.69427103522069
epigenomics_9323_sol2sanger_300,73.44819502485225,59.173696387811546
epigenomics_9323_sol2sanger_301,76.10880895568312,60.22100907257237
epigenomics_9323_sol2sanger_302,81.70289252051106,65.66777914787328
epigenomics_9323_sol2sanger_303,80.61783852120618,42.14016417217273
epigenomics_9323_sol2sanger_304,73.10225946489919,46.09514412664811
epigenomics_9323_sol2sanger_305,77.44218991788811,47.05330156919358
epigenomics_9323_sol2sanger_306,73.48043907892252,38.64384686638106
epigenomics_9323_sol2sanger_307,80.33910437104159,43.72845374455173
epigenomics_9323_sol2sanger_308,78.92602881616908,38.803152105588474
epigenomics_9323_sol2sanger_309,76.21674191411425,36.727274765310575
epigenomics_9323_sol2sanger_310,72.85109143355236,43.05594693158861
epigenomics_9323_sol2sanger_311,84.99918326211991,61.83827424965645
epigenomics_9323_sol2sanger_312,89.06245714226696,48.10832006644787
epigenomics_9323_sol2sanger_313,72.46366607161542,54.45508833383395
epigenomics_9323_sol2sanger_314,79.34373998371692,33.980943910851025
epigenomics_9323_sol2sanger_315,77.72550769780645,44.87170581189734
epigenomics_9323_sol2sanger_316,78.20429187988452,39.26227457669582
epigenomics_9323_sol2sanger_317,84.32511819006118,50.938798575814076
epigenomics_9323_sol2sanger_318,71.36375807303102,45.56349733257242
epigenomics_9323_sol2sanger_319,79.02132791279247,23.329568646233067
epigenomics_9323_sol2sanger_320,81.9274770871718,36.272968595563654
epigenomics_9323_sol2sanger_321,86.90874116083324,46.84030299855323
epigenomics_9323_sol2sanger_322,69.13496969773529,36.095128272802185
epigenomics_9323_sol2sanger_323,72.11877390526456,51.16358074838332
epigenomics_9323_sol2sanger_324,77.94671711528699,50.09532311603599
epigenomics_9323_sol2sanger_325,87.69691679596083,41.243162271786886
epigenomics_9323_sol2sanger_326,77.5063007189914,51.153396219242964
epigenomics_9323_sol2sanger_327,84.06210646415684,45.84942998435575
epigenomics_9323_sol2sanger_328,85.68480484538055,34.57173816392953
epigenomics_9323_sol2sanger_329,77.59010135384857,46.34101849621077
epigenomics_9323_sol2sanger_330,76.67027872082798,59.724908964887646
epigenomics_9323_sol2sanger_331,84.6291009508931,53.47647418608524
epigenomics_9323_sol2sanger_332,80.7641922177012,46.7411642876939
epigenomics_9323_sol2sanger_333,82.35248223630842,31.99759935606295
epigenomics_9323_sol2sanger_334,84.90146936881405,50.73332000956711
epigenomics_9323_sol2sanger_335,71.09552120835652,46.04051898288314
epigenomics_9323_sol2sanger_336,79.94574913289884,44.03924406700249
epigenomics_9323_sol2sanger_337,83.03309485999132,41.37012317641012
epigenomics_9323_sol2sanger_338,76.47709543124374,49.881812136925326
epigenomics_9323_sol2sanger_339,86.9918964416568,35.08101941097277
epigenomics_9323_sol2sanger_340,84.07708447752798,40.436847980947825
epigenomics_9323_sol2sanger_341,83.4379512032522,45.4047722314494
epigenomics_9323_sol2sanger_342,86.7668964157157,36.05713520096848
epigenomics_9323_sol2sanger_343,83.4378479152044,29.54699291220294
epigenomics_9323_sol2sanger_344,85.29194944656122,42.64873894706399
epigenomics_9323_sol2sanger_345,78.16100226560697,46.838402509555785
epigenomics_9323_sol2sanger_346,83.36388507096981,45.191356111201856
epigenomics_9323_sol2sanger_347,87.32204678583588,51.816244339193084
epigenomics_9323_sol2sanger_348,80.04123704463868,41.117314351778546
epigenomics_9323_sol2sanger_349,77.47685484801269,57.36487180612842
epigenomics_9323_sol2sanger_350,93.06571688611145,45.85365603272548
epigenomics_9323_sol2sanger_351,88.0712321539373,61.31409150025568
epigenomics_9323_sol2sanger_352,87.19529210020774,41.123941117221506
epigenomics_9323_sol2sanger_353,82.4121722949494,46.00546935953216
epigenomics_9323_sol2sanger_354,81.24898587685307,45.29725792667539
epigenomics_9323_sol2sanger_355,72.68174444678502,43.316522761166574
epigenomics_9323_sol2sanger_356,83.30536412807359,26.773307605601065
epigenomics_9323_sol2sanger_357,79.0496583280419,38.03343601510529
epigenomics_9323_sol2sanger_358,80.06349984131656,35.180456647829644
epigenomics_9323_sol2sanger_359,81.27546863191927,35.54054931866453
epigenomics_9323_sol2sanger_360,87.07723520903619,45.209945226280524
epigenomics_9323_sol2sanger_361,80.01475776233268,33.703538767693274
epigenomics_9323_sol2sanger_362,74.2184966435666,55.167561941747934
epigenomics_9323_sol2sanger_363,79.30369263728007,57.87682274699543
epigenomics_9323_sol2sanger_364,74.91826640447724,51.088973461376
epigenomics_9323_sol2sanger_365,77.05518885244385,44.44377579759041
epigenomics_9323_sol2sanger_366,67.97133594875069,53.050354243629705
epigenomics_9323_sol2sanger_367,79.50950102744233,51.59202094905689
epigenomics_9323_sol2sanger_368,86.48859296708632,55.66185760137715
epigenomics_9323_sol2sanger_369,83.40875820689384,45.820732284465294
epigenomics_9323_sol2sanger_370,85.99311606811584,52.21835412741382
epigenomics_9323_sol2sanger_371,77.4959441358225,47.290704213622774
epigenomics_9323_sol2sanger_372,76.30916331790212,44.98834985740765
epigenomics_9323_sol2sanger_373,76.92620368064551,55.600739806401094
epigenomics_9323_sol2sanger_374,86.12381213314214,39.698374886099124
epigenomics_9323_sol2sanger_375,70.52811441722959,46.515691583960646
epigenomics_9323_sol2sanger_376,74.93784944022259,38.80549907376633
epigenomics_9323_sol2sanger_377,80.01324962810594,34.32110357554218
epigenomics_9323_sol2sanger_378,74.50413784183391,50.160112117117976
epigenomics_9323_sol2sanger_379,78.3565423727046,30.155164360172044
epigenomics_9323_sol2sanger_380,80.53717064300548,50.49260534955173
epigenomics_9323_sol2sanger_381,79.43469071313433,48.329776531556796
epigenomics_9323_sol2sanger_382,78.72188592822319,46.34073145137137
epigenomics_9323_sol2sanger_383,92.61778718379556,52.52653924077409
epigenomics_9323_sol2sanger_384,84.15337747241166,55.17892423405047
epigenomics_9323_sol2sanger_385,81.82717667489297,57.90379978636523
epigenomics_9323_sol2sanger_386,85.10916533476207,58.425262704819474
epigenomics_9323_sol2sanger_387,85.11123496264233,45.59907572916539
epigenomics_9323_sol2sanger_388,80.77752890745826,44.69471282840302
epigenomics_9323_sol2sanger_389,82.9101310200957,29.5306921330517
epigenomics_9323_sol2sanger_390,80.20932613730129,41.424800933024706
epigenomics_9323_sol2sanger_391,74.54473244991968,42.79688075783896
epigenomics_9323_sol2sanger_392,76.74253288647374,36.54510816633186
epigenomics_9323_sol2sanger_393,78.8028277335953,48.046896239260114
epigenomics_9323_sol2sanger_394,75.4808397337249,40.380431654289346
epigenomics_9323_sol2sanger_395,90.97444964482119,40.9360448352122
epigenomics_9323_sol2sanger_396,81.99820523254513,50.48600962753743
epigenomics_9323_sol2sanger_397,73.34688153407733,48.28540894409575
epigenomics_9323_sol2sanger_398,75.76233344004312,46.023684633288696
epigenomics_9323_sol2sanger_399,87.9436223796625,41.72853648696738
epigenomics_9323_sol2sanger_400,88.48787021238165,47.219559196024356
epigenomics_9323_sol2sanger_401,77.61400732014684,46.55364772187832
epigenomics_9323_sol2sanger_402,79.9531435323516,35.79037155894369
epigenomics_9323_sol2sanger_403,78.20040840562724,39.80276873469699
epigenomics_9323_sol2sanger_404,84.47695043201385,63.27410594170663
epigenomics_9323_sol2sanger_405,72.0151180399234,47.033942932284134
epigenomics_9323_sol2sanger_406,72.26423698298716,35.710345900836955
epigenomics_9323_sol2sanger_407,81.75428100709964,35.74761127149735
epigenomics_9323_sol2sanger_408,82.40299321885858,50.983927859392054
epigenomics_9323_sol2sanger_409,82.42001979279664,54.33081125724
epigenomics_9323_sol2sanger_410,78.54493447080031,57.247143551485394
epigenomics_9323_sol2sanger_411,80.05692776986446,48.440154190311745
epigenomics_9323_sol2sanger_412,78.79443488447362,42.78840931130712
epigenomics_9323_sol2sanger_413,74.52477312245631,44.26701968119498
epigenomics_9323_sol2sanger_414,78.82912076427114,42.30251640487764
epigenomics_9323_sol2sanger_415,78.21976094757605,53.49122738161534
epigenomics_9323_sol2sanger_416,88.19259039921288,55.018297864843404
epigenomics_9323_sol2sanger_417,84.0015779109636,47.70410668402469
epigenomics_9323_sol2sanger_418,84.12936564561988,50.6168973530565
epigenomics_9323_sol2sanger_419,77.23602279713666,37.040278926142975
epigenomics_9323_sol2sanger_420,78.12731797302509,27.56375042615321
epigenomics_9323_sol2sanger_421,85.92335468840564,56.06258154703355
epigenomics_9323_sol2sanger_422,79.73677981451672,47.144293656314886
epigenomics_9323_sol2sanger_423,82.81272421028648,47.10938003614797
epigenomics_9323_sol2sanger_424,81.46475971921195,46.17461698670513
epigenomics_9323_sol2sanger_425,80.08937723977503,35.285077729976265
epigenomics_9323_sol2sanger_426,80.6063099544492,28.960227760309436
epigenomics_9323_sol2sanger_427,77.30425972070393,39.40732585270586
epigenomics_9323_sol2sanger_428,82.48420295435288,47.17651135955483
epigenomics_9323_sol2sanger_429,82.54065498958053,48.139134872856545
epigenomics_9323_sol2sanger_430,86.9909875490403,43.48781753878641
epigenomics_9323_sol2sanger_431,83.57559853393863,35.53044060703317
epigenomics_9323_sol2sanger_432,86.04555302948297,36.52889342182125
epigenomics_9323_sol2sanger_433,80.61713782214538,37.499563010761406
epigenomics_9323_sol2sanger_434,77.56329523896197,49.23479341872362
epigenomics_9323_sol2sanger_435,86.21142248168297,44.79986808039639
epigenomics_9323_sol2sanger_436,70.45841378563013,45.50565700174558
epigenomics_9323_sol2sanger_437,85.43761621808869,50.72846868725034
epigenomics_9323_sol2sanger_438,86.66580622489705,44.448250980199965
epigenomics_9323_sol2sanger_439,76.28114336871202,51.940957936070944
epigenomics_9323_sol2sanger_440,73.49842684964298,36.09556572599087
epigenomics_9323_sol2sanger_441,76.8611593498692,52.37106919197181
epigenomics_9323_sol2sanger_442,80.58238933858901,40.37692549575787
epigenomics_9323_sol2sanger_443,84.57801413918602,36.47818084451122
epigenomics_9323_sol2sanger_444,82.54436939676928,47.197079085924585
epigenomics_9323_sol2sanger_445,82.34560374861526,47.14497350782014
epigenomics_9323_sol2sanger_446,72.65598073554284,35.43749711741381
epigenomics_9323_sol2sanger_447,80.78788545769962,39.74554224471551
epigenomics_9323_sol2sanger_448,83.61410702026393,42.52925131858308
epigenomics_9323_sol2sanger_449,66.48048188544557,64.70331473409756
epigenomics_9323_sol2sanger_450,75.46581077869261,35.502925944328126
epigenomics_9323_sol2sanger_451,80.1316314079063,54.46789146383103
epigenomics_9323_sol2sanger_452,87.0982515551452,50.93140036233449
epigenomics_9323_sol2sanger_453,83.42386076806686,40.579268201543194
epigenomics_9323_sol2sanger_454,81.4068238134524,29.606914920556132
epigenomics_9323_sol2sanger_455,82.91039978435965,44.21287386723963
epigenomics_9323_sol2sanger_456,81.61970423020463,58.313112864402186
epigenomics_9323_sol2sanger_457,75.15178455907123,48.82604182659594
epigenomics_9323_sol2sanger_458,75.13292950920516,47.02838553515457
epigenomics_9323_sol2sanger_459,76.17985578517809,37.80714419035961
epigenomics_9323_sol2sanger_460,71.39840702864743,32.89871696355777
epigenomics_9323_sol2sanger_461,72.9491779941804,53.265423448328384
epigenomics_9323_sol2sanger_462,84.11119122125973,45.01455564192897
epigenomics_9323_sol2sanger_463,77.65306244435338,55.54950401710791
epigenomics_9323_sol2sanger_464,78.55693007326659,51.45938846741705
epigenomics_9323_sol2sanger_465,86.04845775902521,27.695508349422166
epigenomics_9323_sol2sanger_466,75.46707584920863,43.61575316415989
epigenomics_9323_sol2sanger_467,72.05112203751028,45.93965913090283
epigenomics_9323_sol2sanger_468,79.32328251435867,31.915457380766757
epigenomics_9323_sol2sanger_469,79.94794605003725,50.08353069801475
epigenomics_9323_sol2sanger_470,78.63737499121828,43.24144322017901
epigenomics_9323_sol2sanger_471,80.61119056917217,39.64405733636999
epigenomics_9323_sol2sanger_472,82.67435215681925,49.05418867213989
epigenomics_9323_sol2sanger_473,82.17648169716573,43.428890412021566
epigenomics_9323_sol2sanger_474,82.46481809151723,46.39069662284295
epigenomics_9323_sol2sanger_475,79.18687611735253,40.387720092119864
epigenomics_9323_sol2sanger_476,81.91024571706163,33.57568602830828
epigenomics_9323_sol2sanger_477,76.89711202949785,45.662695357865225
epigenomics_9323_sol2sanger_478,76.92050223620832,34.21166708907076
epigenomics_9323_sol2sanger_479,80.52892548206484,52.11156804610589
epigenomics_9323_sol2sanger_480,76.98864871506859,45.234559889628024
epigenomics_9323_sol2sanger_481,70.90718979649094,32.75281981736232
epigenomics_9323_sol2sanger_482,77.25126376544642,58.645657145793265
epigenomics_9323_sol2sanger_483,84.20194614012783,45.35562437803445
epigenomics_9323_sol2sanger_484,82.65158009230542,56.48841031729543
epigenomics_9323_sol2sanger_485,80.18775138871669,46.79687295701026
epigenomics_9323_sol2sanger_486,82.61532391038844,43.21989986285999
epigenomics_9323_sol2sanger_487,76.55683898936287,54.61901762516717
epigenomics_9323_sol2sanger_488,83.58084838130982,49.85252281536305
epigenomics_9323_sol2sanger_489,75.57776620617665,45.901336013625865
epigenomics_9323_sol2sanger_490,75.74071899323522,37.00887870359311
epigenomics_9323_sol2sanger_491,82.96787592256291,43.547776880933625
epigenomics_9323_sol2sanger_492,76.44104932814187,31.305639312585722
epigenomics_9323_sol2sanger_493,75.42051617714668,53.26981019793703
epigenomics_9323_sol2sanger_494,83.85291749240899,47.08438792098925
epigenomics_9323_sol2sanger_495,81.28280478918118,45.30302890858042
epigenomics_9323_sol2sanger_496,75.10829880657727,41.25601457991995
epigenomics_9323_sol2sanger_497,85.50962162315435,50.84180255217942
epigenomics_9323_sol2sanger_498,79.58309589251488,56.33436374825009
epigenomics_9323_sol2sanger_499,78.13520878287578,41.236658511655065
epigenomics_9323_fast2bfq_0,44.58228137490075,89.16909651147567
epigenomics_9323_fast2bfq_1,47.105216281923084,69.06077417256967
epigenomics_9323_fast2bfq_2,33.29907265703892,80.31224086267949
epigenomics_9323_fast2bfq_3,46.83781832001931,84.42377623046936
epigenomics_9323_fast2bfq_4,34.137804686018626,80.64496206368081
epigenomics_9323_fast2bfq_5,37.52183254270959,89.0732178497415
epigenomics_9323_fast2bfq_6,52.05628878819632,83.04586071840752
epigenomics_9323_fast2bfq_7,47.66015382269973,84.20656259281704
epigenomics_9323_fast2bfq_8,42.99908863070839,80.40276632904637
epigenomics_9323_fast2bfq_9,36.44020434960881,73.13327331743541
epigenomics_9323_fast2bfq_10,47.57581010507118,92.96011883396667
epigenomics_9323_fast2bfq_11,40.20171626386435,90.02221898176182
epigenomics_9323_fast2bfq_12,49.93873641345052,66.24099514189476
epigenomics_9323_fast2bfq_13,42.09209241634868,73.2010733505585
epigenomics_9323_fast2bfq_14,39.28861771051146,82.61777427423382
epigenomics_9323_fast2bfq_15,43.062302960711406,69.92779293471418
epigenomics_9323_fast2bfq_16,40.101265690366205,79.76212932044768
epigenomics_9323_fast2bfq_17,46.300176296318085,86.75078652237869
epigenomics_9323_fast2bfq_18,30.951048732443454,69.19630400220832
epigenomics_9323_fast2bfq_19,46.04540531055916,62.18362562943041
epigenomics_9323_fast2bfq_20,51.497905499601224,82.09128726362025
epigenomics_9323_fast2bfq_21,43.92348122302845,77.62324110386027
epigenomics_9323_fast2bfq_22,40.90653610760371,81.41843817651252
epigenomics_9323_fast2bfq_23,55.332175851927445,80.09886391786095
epigenomics_9323_fast2bfq_24,46.30629382247221,72.98655457958543
epigenomics_9323_fast2bfq_25,42.91661712738076,89.67332255458251
epigenomics_9323_fast2bfq_26,45.44589471879618,93.14808499090965
epigenomics_9323_fast2bfq_27,39.09416003279979,90.79581353312709
epigenomics_9323_fast2bfq_28,45.6074948380404,69.7070215192553
epigenomics_9323_fast2bfq_29,51.810941652534574,79.45258108143891
epigenomics_9323_fast2bfq_30,49.60242847189413,84.25722059153088
epigenomics_9323_fast2bfq_31,45.26404993249045,82.1147346654646
epigenomics_9323_fast2bfq_32,36.135100011758105,71.27766160367233
epigenomics_9323_fast2bfq_33,45.25332842029697,82.33689652222158
epigenomics_9323_fast2bfq_34,38.618906752320655,75.17507584764
epigenomics_9323_fast2bfq_35,42.78240176877942,77.57657810823096
epigenomics_9323_fast2bfq_36,38.84156390912495,86.63658753482653
epigenomics_9323_fast2bfq_37,40.40138067449458,68.67449138678485
epigenomics_9323_fast2bfq_38,59.270976791727044,82.26007639398331
epigenomics_9323_fast2bfq_39,48.365607526027695,78.23029398678213
epigenomics_9323_fast2bfq_40,33.74559391167296,71.11915550170544
epigenomics_9323_fast2bfq_41,50.90385304999887,76.08043854081515
epigenomics_9323_fast2bfq_42,37.51156219275838,76.64690112181896
epigenomics_9323_fast2bfq_43,44.9121734851706,83.59560095238307
epigenomics_9323_fast2bfq_44,51.25888235819288,75.83867629341984
epigenomics_9323_fast2bfq_45,46.05763075637214,78.13724248498384
epigenomics_9323_fast2bfq_46,40.739359143263115,81.63540616259277
epigenomics_9323_fast2bfq_47,52.696035379571136,76.86601194541826
epigenomics_9323_fast2bfq_48,48.266993908581746,69.52199654746455
epigenomics_9323_fast2bfq_49,39.34283758799347,74.71475338272161
epigenomics_9323_fast2bfq_50,43.26867377386025,79.92550701723621
epigenomics_9323_fast2bfq_51,32.9264365927893,71.84918688523476
epigenomics_9323_fast2bfq_52,44.49312517576732,84.3769138835731
epigenomics_9323_fast2bfq_53,46.70934485000301,95.70435889282867
epigenomics_9323_fast2bfq_54,37.29686309972165,78.47918992845611
epigenomics_9323_fast2bfq_55,37.296708247520876,77.51652024147927
epigenomics_9323_fast2bfq_56,51.46383211285296,77.91469298927552
epigenomics_9323_fast2bfq_57,52.57885193726323,78.43023360127957
epigenomics_9323_fast2bfq_58,54.23130603641697,75.82426819883747
epigenomics_9323_fast2bfq_59,43.36182572849743,75.85875991640587
epigenomics_9323_fast2bfq_60,58.08460053646918,65.12301095959711
epigenomics_9323_fast2bfq_61,50.605058955945196,85.68695533455693
epigenomics_9323_fast2bfq_62,49.203640878814454,77.71364493063872
epigenomics_9323_fast2bfq_63,30.11404977063347,74.2930144749042
epigenomics_9323_fast2bfq_64,41.32868184463932,86.85708595086953
epigenomics_9323_fast2bfq_65,55.52175405560634,75.1563119793779
epigenomics_9323_fast2bfq_66,27.04339061132315,91.40746292459852
epigenomics_9323_fast2bfq_67,40.92487375908804,67.82104714047652
epigenomics_9323_fast2bfq_68,51.4221689752076,86.68498940974445
epigenomics_9323_fast2bfq_69,37.80709501243601,76.22388838597678
epigenomics_9323_fast2bfq_70,36.63246275898578,82.75207189611879
epigenomics_9323_fast2bfq_71,46.65134483884607,65.9086135733986
epigenomics_9323_fast2bfq_72,51.546327441027515,85.52043133260638
epigenomics_9323_fast2bfq_73,42.32477094658071,75.02477231371579
epigenomics_9323_fast2bfq_74,39.95547821510594,79.93938901188871
epigenomics_9323_fast2bfq_75,36.916957436390774,81.21450352932428
epigenomics_9323_fast2bfq_76,30.490756374121297,78.67263876535353
epigenomics_9323_fast2bfq_77,43.450115922717615,77.3308840504248
epigenomics_9323_fast2bfq_78,48.62677182188299,87.22482063753188
epigenomics_9323_fast2bfq_79,54.77455455896784,83.16339712664333
epigenomics_9323_fast2bfq_80,44.65578230424588,75.82804015577875
epigenomics_9323_fast2bfq_81,56.78072717986913,73.97723693006455
epigenomics_9323_fast2bfq_82,40.98765690282028,76.20699239875505
epigenomics_9323_fast2bfq_83,34.90357400084573,77.73748704818189
epigenomics_9323_fast2bfq_84,46.71294626526237,80.04665409240921
epigenomics_9323_fast2bfq_85,42.582125169836274,84.50540231901996
epigenomics_9323_fast2bfq_86,52.751732769401436,71.5307198570261
epigenomics_9323_fast2bfq_87,40.358158814521275,69.70015695290256
epigenomics_9323_fast2bfq_88,43.87447172727232,90.77669185944626
epigenomics_9323_fast2bfq_89,54.63525285503287,79.49714320876967
epigenomics_9323_fast2bfq_90,39.00531415998214,91.56017369290569
epigenomics_9323_fast2bfq_91,39.24813361663452,73.65686313789735
epigenomics_9323_fast2bfq_92,49.57124646063031,85.46202809330757
epigenomics_9323_fast2bfq_93,58.1312435578667,75.40946845461794
epigenomics_9323_fast2bfq_94,40.960195952830404,67.00339077274371
epigenomics_9323_fast2bfq_95,58.6813433197353,92.75383360320042
epigenomics_9323_fast2bfq_96,37.6215092147162,86.93942551917759
epigenomics_9323_fast2bfq_97,41.97243212214008,85.42947761899323
epigenomics_9323_fast2bfq_98,44.66788728311104,97.62325452622503
epigenomics_9323_fast2bfq_99,46.18573921945789,83.30796721936616
epigenomics_9323_fast2bfq_100,50.516829983545826,78.88703719155322
epigenomics_9323_fast2bfq_101,50.80919526559451,71.49092095085331
epigenomics_9323_fast2bfq_102,36.403247947016695,83.5533206341503
epigenomics_9323_fast2bfq_103,41.8939362089904,72.84770445844255
epigenomics_9323_fast2bfq_104,56.25349805135255,73.59932278285163
epigenomics_9323_fast2bfq_105,36.57923530700783,75.23737653988427
epigenomics_9323_fast2bfq_106,47.529103821559275,76.39506844637215
epigenomics_9323_fast2bfq_107,40.42773938452798,70.84854784828963
epigenomics_9323_fast2bfq_108,38.473937095902144,80.01597746782787
epigenomics_9323_fast2bfq_109,39.71313520327519,82.9254718125468
epigenomics_9323_fast2bfq_110,37.306343118001166,89.38362192408951
epigenomics_9323_fast2bfq_111,46.364031478410205,90.12720596238083
epigenomics_9323_fast2bfq_112,42.821925785683135,90.05397315464
epigenomics_9323_fast2bfq_113,56.28401607852943,66.91184064581309
epigenomics_9323_fast2bfq_114,49.551214625339945,82.42280973880256
epigenomics_9323_fast2bfq_115,53.96550152793654,83.45817639476704
epigenomics_9323_fast2bfq_116,53.7928696955197,92.484344554496
epigenomics_9323_fast2bfq_117,56.75893921406094,79.64051222360663
epigenomics_9323_fast2bfq_118,48.133913597168416,66.76675640656576
epigenomics_9323_fast2bfq_119,43.67909776518108,75.38679241866903
epigenomics_9323_fast2bfq_120,58.48798604531463,80.9440325533724
epigenomics_9323_fast2bfq_121,29.197516994358594,73.33321352194902
epigenomics_9323_fast2bfq_122,42.85264081234935,81.41911543115573
epigenomics_9323_fast2bfq_123,40.09679536469962,86.05235158375433
epigenomics_9323_fast2bfq_124,39.80898663496454,75.23733310665213
epigenomics_9323_fast2bfq_125,47.09269363400358,71.93330822708712
epigenomics_9323_fast2bfq_126,42.75964870676719,68.37995784329655
epigenomics_9323_fast2bfq_127,44.380735424954686,83.69604426914127
epigenomics_9323_fast2bfq_128,50.529781544150296,88.0476354126914
epigenomics_9323_fast2bfq_129,41.8871287954116,79.50649546264926
epigenomics_9323_fast2bfq_130,35.23871021170646,77.37729252135668
epigenomics_9323_fast2bfq_131,44.47913870389466,76.45477264443397
epigenomics_9323_fast2bfq_132,39.664181217103526,77.2468909292436
epigenomics_9323_fast2bfq_133,46.24376412705068,79.9852112101751
epigenomics_9323_fast2bfq_134,45.27235313713687,87.12520430094003
epigenomics_9323_fast2bfq_135,50.0744692465276,75.9512328965695
epigenomics_9323_fast2bfq_136,44.46778686616216,83.52178843052047
epigenomics_9323_fast2bfq_137,34.7412259902089,69.850927542196
epigenomics_9323_fast2bfq_138,32.06592368366791,81.97398225811487
epigenomics_9323_fast2bfq_139,40.91827678793925,72.51451898622811
epigenomics_9323_fast2bfq_140,42.23197541185232,74.01654683143798
epigenomics_9323_fast2bfq_141,54.57695971356216,83.56315726798934
epigenomics_9323_fast2bfq_142,43.20023552295317,73.20839465953343
epigenomics_9323_fast2bfq_143,30.51196514091344,73.28060731231972
epigenomics_9323_fast2bfq_144,41.85460970540592,68.41177024024766
epigenomics_9323_fast2bfq_145,55.211874525728334,78.52287183327525
epigenomics_9323_fast2bfq_146,39.36782058666745,76.91172918796903
epigenomics_9323_fast2bfq_147,49.160946230227054,80.55943139248924
epigenomics_9323_fast2bfq_148,42.29277497621936,74.39636424489056
epigenomics_9323_fast2bfq_149,36.519244182222884,67.93185111250493
epigenomics_9323_fast2bfq_150,43.8528919782854,86.05063013453085
epigenomics_9323_fast2bfq_151,39.23480598552364,89.72318341524033
epigenomics_9323_fast2bfq_152,46.828469742948926,66.89992862835388
epigenomics_9323_fast2bfq_153,50.48695488843937,74.02974464957003
epigenomics_9323_fast2bfq_154,40.450985855832144,76.53716840343965
epigenomics_9323_fast2bfq_155,49.72688963409756,83.71115118619132
epigenomics_9323_fast2bfq_156,50.795069931611934,86.23046403181505
epigenomics_9323_fast2bfq_157,51.96320694049618,76.4365066440665
epigenomics_9323_fast2bfq_158,34.73640476895644,86.9513948640131
epigenomics_9323_fast2bfq_159,52.47912302679344,80.46054045912848
epigenomics_9323_fast2bfq_160,45.82168782580978,89.10501131973257
epigenomics_9323_fast2bfq_161,45.4619382237114,88.52039534991691
epigenomics_9323_fast2bfq_162,39.25834620038522,70.13688820869598
epigenomics_9323_fast2bfq_163,36.78366904667154,89.45823776686652
epigenomics_9323_fast2bfq_164,45.847449797522124,69.03251463013724
epigenomics_9323_fast2bfq_165,48.890739574318225,70.66357518956448
epigenomics_9323_fast2bfq_166,37.10185202520424,72.93350697903082
epigenomics_9323_fast2bfq_167,44.566412725394095,70.82236375602326
epigenomics_9323_fast2bfq_168,46.21218671194865,73.98102275250149
epigenomics_9323_fast2bfq_169,40.437529870534306,72.66966654350873
epigenomics_9323_fast2bfq_170,51.22725836354889,75.7357744800322
epigenomics_9323_fast2bfq_171,44.378668618122724,89.92442204044471
epigenomics_9323_fast2bfq_172,40.09138103548441,75.65006940805836
epigenomics_9323_fast2bfq_173,43.04467073527396,88.00427682556409
epigenomics_9323_fast2bfq_174,40.88624671381916,77.64487958203823
epigenomics_9323_fast2bfq_175,28.860613164073477,84.38065320883571
epigenomics_9323_fast2bfq_176,41.10591493936708,83.4525552595095
epigenomics_9323_fast2bfq_177,48.69478753307145,85.19200451788254
epigenomics_9323_fast2bfq_178,53.83599703810864,85.93320378167641
epigenomics_9323_fast2bfq_179,54.512920325520994,76.21825033834344
epigenomics_9323_fast2bfq_180,44.74089255501978,66.65258882662002
epigenomics_9323_fast2bfq_181,43.5434838894347,77.3612443245352
epigenomics_9323_fast2bfq_182,47.988113305238286,87.76250207278738
epigenomics_9323_fast2bfq_183,35.286142315521616,58.85842384551327
epigenomics_9323_fast2bfq_184,44.68623719014548,83.3007838318131
epigenomics_9323_fast2bfq_185,41.89728415166297,82.01305598365259
epigenomics_9323_fast2bfq_186,33.99226363760954,84.74680581406689
epigenomics_9323_fast2bfq_187,34.252470755440896,73.76510022877596
epigenomics_9323_fast2bfq_188,52.12603269933007,83.10231605500258
epigenomics_9323_fast2bfq_189,37.16476180714851,72.38472629271988
epigenomics_9323_fast2bfq_190,48.08177073651695,75.92876622669566
epigenomics_9323_fast2bfq_191,51.46773844204862,79.10209662216556
epigenomics_9323_fast2bfq_192,31.75058285832477,95.61126363241914
epigenomics_9323_fast2bfq_193,48.08229125689354,91.89689142166685
epigenomics_9323_fast2bfq_194,49.03858613365756,66.73054629730643
epigenomics_9323_fast2bfq_195,38.82843470675025,75.49544671882673
epigenomics_9323_fast2bfq_196,28.17741384428068,76.32353017818939
epigenomics_9323_fast2bfq_197,38.65438487418346,73.45349877926947
epigenomics_9323_fast2bfq_198,46.494630742026885,73.72379135175696
epigenomics_9323_fast2bfq_199,49.08015793919089,70.08502961998649
epigenomics_9323_fast2bfq_200,46.503790252711624,74.51106293688188
epigenomics_9323_fast2bfq_201,34.17736648992134,67.91916660740632
epigenomics_9323_fast2bfq_202,39.04893152119088,68.00036316463466
epigenomics_9323_fast2bfq_203,41.2751272494295,71.51488363748288
epigenomics_9323_fast2bfq_204,37.00780656770637,71.90737408881738
epigenomics_9323_fast2bfq_205,42.500432859987335,69.85349263591293
epigenomics_9323_fast2bfq_206,55.10247239170987,89.28704617136212
epigenomics_9323_fast2bfq_207,52.44745196458966,68.21408378775659
epigenomics_9323_fast2bfq_208,42.51648208249147,78.29246894962613
epigenomics_9323_fast2bfq_209,44.11931292760542,88.99727278538705
epigenomics_9323_fast2bfq_210,61.04669127095424,94.47386726289517
epigenomics_9323_fast2bfq_211,47.234118665194366,75.39824400868545
epigenomics_9323_fast2bfq_212,54.23188489059604,70.14101844154992
epigenomics_9323_fast2bfq_213,41.22010986406109,90.90986908559437
epigenomics_9323_fast2bfq_214,42.041100919752296,80.93244836716556
epigenomics_9323_fast2bfq_215,51.01207138246056,78.57401989635966
epigenomics_9323_fast2bfq_216,49.85539462579281,87.288215860084
epigenomics_9323_fast2bfq_217,41.26073758813512,75.20172829090781
epigenomics_9323_fast2bfq_218,45.13883258652488,81.26825730763429
epigenomics_9323_fast2bfq_219,39.77591400000599,72.46766035253869
epigenomics_9323_fast2bfq_220,49.80210375944555,78.8001531959399
epigenomics_9323_fast2bfq_221,39.8564642166776,64.05111580937904
epigenomics_9323_fast2bfq_222,38.62892669492664,65.96136111515996
epigenomics_9323_fast2bfq_223,38.46875542963168,79.44756778933753
epigenomics_9323_fast2bfq_224,54.32666555678483,86.14232261507637
epigenomics_9323_fast2bfq_225,46.460171217642596,78.11476790649333
epigenomics_9323_fast2bfq_226,49.206722291680634,92.49480828780423
epigenomics_9323_fast2bfq_227,48.68868560992756,81.20639393862014
epigenomics_9323_fast2bfq_228,38.96382674080052,88.31456818819858
epigenomics_9323_fast2bfq_229,47.96770015205355,75.69270655980883
epigenomics_9323_fast2bfq_230,45.421930742839045,83.2639972816967
epigenomics_9323_fast2bfq_231,40.237212244338004,70.00599907360173
epigenomics_9323_fast2bfq_232,44.59057074594963,79.35650310226937
epigenomics_9323_fast2bfq_233,38.50353070658769,82.84614572018077
epigenomics_9323_fast2bfq_234,55.11136291678052,80.57212540285484
epigenomics_9323_fast2bfq_235,45.71674284357607,81.91234981654978
epigenomics_9323_fast2bfq_236,54.13003706736784,85.48767808556107
epigenomics_9323_fast2bfq_237,39.62024440584194,71.06874628832848
epigenomics_9323_fast2bfq_238,48.710676539648055,89.96455468535008
epigenomics_9323_fast2bfq_239,49.67755428360383,88.09344604893941
epigenomics_9323_fast2bfq_240,43.35749496257769,77.43423235261591
epigenomics_9323_fast2bfq_241,24.909094343777365,80.0476260234301
epigenomics_9323_fast2bfq_242,49.426944326805774,71.12489315351566
epigenomics_9323_fast2bfq_243,42.670529685967814,90.67422225458472
epigenomics_9323_fast2bfq_244,48.15778010979449,79.76753171889264
epigenomics_9323_fast2bfq_245,51.29177759289593,77.52274953504364
epigenomics_9323_fast2bfq_246,37.40668291866204,79.38506786968847
epigenomics_9323_fast2bfq_247,42.84998846322822,74.51648234800074
epigenomics_9323_fast2bfq_248,57.87472919962965,85.07110700677235
epigenomics_9323_fast2bfq_249,45.556405929230486,84.02691318673196
epigenomics_9323_fast2bfq_250,45.7107163695846,80.68514820919148
epigenomics_9323_fast2bfq_251,46.33639538409777,79.88859358846442
epigenomics_9323_fast2bfq_252,45.15006505651973,91.12351238440851
epigenomics_9323_fast2bfq_253,46.10637845681011,83.52504509999574
epigenomics_9323_fast2bfq_254,53.640899539146304,81.8065861767029
epigenomics_9323_fast2bfq_255,27.728068036975287,84.5851553609002
epigenomics_9323_fast2bfq_256,38.01476442829234,82.70852685953918
epigenomics_9323_fast2bfq_257,44.90713831692215,79.82691477653763
epigenomics_9323_fast2bfq_258,42.8139184218341,71.76382625255002
epigenomics_9323_fast2bfq_259,40.30030055226203,77.34053905315595
epigenomics_9323_fast2bfq_260,43.1802062465886,75.54767533813268
epigenomics_9323_fast2bfq_261,42.97343400747617,75.53133735636445
epigenomics_9323_fast2bfq_262,47.52561025268858,72.70704341500542
epigenomics_9323_fast2bfq_263,46.16301388532006,67.09438565343055
epigenomics_9323_fast2bfq_264,38.77537940938933,77.43322254234982
epigenomics_9323_fast2bfq_265,46.872929047744854,73.28629155412105
epigenomics_9323_fast2bfq_266,38.41504942192217,74.50984401044761
epigenomics_9323_fast2bfq_267,50.10528938349337,81.66321957050785
epigenomics_9323_fast2bfq_268,39.130249341367545,85.4416347084982
epigenomics_9323_fast2bfq_269,28.616791128028503,71.62016360745817
epigenomics_9323_fast2bfq_270,55.829850950903655,77.43939988953488
epigenomics_9323_fast2bfq_271,47.16700202661735,74.74255849863717
epigenomics_9323_fast2bfq_272,43.24930421517882,83.9858997718973
epigenomics_9323_fast2bfq_273,50.13910598675996,89.06235922157246
epigenomics_9323_fast2bfq_274,38.72381741024338,86.90710038235446
epigenomics_9323_fast2bfq_275,55.91170546354905,88.73482808002491
epigenomics_9323_fast2bfq_276,41.17614594301816,79.45803067799808
epigenomics_9323_fast2bfq_277,40.67890401308313,78.98276971659996
epigenomics_9323_fast2bfq_278,33.48761165003083,73.74216498232313
epigenomics_9323_fast2bfq_279,57.24797171138643,90.38072065226126
epigenomics_9323_fast2bfq_280,45.69192654358045,79.43957571519188
epigenomics_9323_fast2bfq_281,41.68974922000382,78.42262730753197
epigenomics_9323_fast2bfq_282,49.95782129308401,76.64943323772742
epigenomics_9323_fast2bfq_283,43.48010006609459,71.78762867829195
epigenomics_9323_fast2bfq_284,27.475052106210033,71.5875128713274
epigenomics_9323_fast2bfq_285,41.90917613380065,78.54592609185451
epigenomics_9323_fast2bfq_286,46.45633085256007,68.70642158363879
epigenomics_9323_fast2bfq_287,45.73407640632957,77.18339498257701
epigenomics_9323_fast2bfq_288,49.390955416405596,85.7926795973062
epigenomics_9323_fast2bfq_289,41.12444663954902,77.08948663721907
epigenomics_9323_fast2bfq_290,39.24752700310373,76.39649434402996
epigenomics_9323_fast2bfq_291,39.73718696464155,92.8894596198098
epigenomics_9323_fast2bfq_292,43.32943229782467,69.89868568861287
epigenomics_9323_fast2bfq_293,58.05729370147655,79.83108091311087
epigenomics_9323_fast2bfq_294,49.137524758779044,88.09455630584532
epigenomics_9323_fast2bfq_295,44.15291576641808,80.5959099395684
epigenomics_9323_fast2bfq_296,57.65857701563385,92.26113386902227
epigenomics_9323_fast2bfq_297,38.7947737063483,77.37841031377499
epigenomics_9323_fast2bfq_298,37.92217944696276,87.68368370796406
epigenomics_9323_fast2bfq_299,50.09356476720715,85.94469278429693
epigenomics_9323_fast2bfq_300,52.25365710752804,81.29326596762739
epigenomics_9323_fast2bfq_301,43.390461274584595,92.68193614149385
epigenomics_9323_fast2bfq_302,51.58974857657722,81.44310943785179
epigenomics_9323_fast2bfq_303,56.2134056060699,80.64158575082334
epigenomics_9323_fast2bfq_304,45.84945379511911,70.77983858563267
epigenomics_9323_fast2bfq_305,36.71127309527759,75.7643965389544
epigenomics_9323_fast2bfq_306,46.07751437590901,76.01570704726713
epigenomics_9323_fast2bfq_307,38.43778981856663,76.31389989173863
epigenomics_9323_fast2bfq_308,45.60902901428675,82.41985397426451
epigenomics_9323_fast2bfq_309,55.3432092067912,85.89383531296606
epigenomics_9323_fast2bfq_310,37.289305288415335,81.50299032867514
epigenomics_9323_fast2bfq_311,37.320699724420784,79.13014487401215
epigenomics_9323_fast2bfq_312,39.89622785584747,81.9189291837116
epigenomics_9323_fast2bfq_313,45.559114996916215,82.03388702647317
epigenomics_9323_fast2bfq_314,42.9667404489935,68.04292762314587
epigenomics_9323_fast2bfq_315,36.94724544829933,79.82843167607786
epigenomics_9323_fast2bfq_316,38.166402949285924,72.51842761171989
epigenomics_9323_fast2bfq_317,53.05549478208249,84.95222209909775
epigenomics_9323_fast2bfq_318,54.49169878725745,84.18708606049549
epigenomics_9323_fast2bfq_319,51.529677151984835,70.433567463739
epigenomics_9323_fast2bfq_320,42.49332015346781,84.37625242198737
epigenomics_9323_fast2bfq_321,33.27182374997319,74.599161980961
epigenomics_9323_fast2bfq_322,35.75032558190578,84.60755420480135
epigenomics_9323_fast2bfq_323,48.11752947067728,83.0604737941289
epigenomics_9323_fast2bfq_324,46.24106228724915,91.27297481739747
epigenomics_9323_fast2bfq_325,49.47378493190455,82.89985511509273
epigenomics_9323_fast2bfq_326,45.62500315060179,83.71599670349757
epigenomics_9323_fast2bfq_327,45.173300462872675,82.73577080721552
epigenomics_9323_fast2bfq_328,45.54173626235288,77.80044761039397
epigenomics_9323_fast2bfq_329,40.87408676860105,78.02798792384095
epigenomics_9323_fast2bfq_330,45.2550763777118,78.12918132566287
epigenomics_9323_fast2bfq_331,47.65510402256526,83.7891946567713
epigenomics_9323_fast2bfq_332,46.840381922474634,89.36333508197896
epigenomics_9323_fast2bfq_333,41.379073097728075,84.95503534675065
epigenomics_9323_fast2bfq_334,41.23059672004469,82.20606765404227
epigenomics_9323_fast2bfq_335,41.98934735879102,87.68125000894466
epigenomics_9323_fast2bfq_336,49.06936392176258,81.90419824305796
epigenomics_9323_fast2bfq_337,49.82660130358683,71.99759299196353
epigenomics_9323_fast2bfq_338,36.06176802497673,88.71098400909909
epigenomics_9323_fast2bfq_339,49.05181244594147,90.9174555060202
epigenomics_9323_fast2bfq_340,37.398331928308345,78.36044768705987
epigenomics_9323_fast2bfq_341,45.70230169346117,72.00328805253129
epigenomics_9323_fast2bfq_342,44.836450785840206,84.0412646349255
epigenomics_9323_fast2bfq_343,45.3084924770769,76.26144775026752
epigenomics_9323_fast2bfq_344,42.058250953435355,80.96902523333337
epigenomics_9323_fast2bfq_345,36.53007561847286,71.67357767810576
epigenomics_9323_fast2bfq_346,40.75725094426288,64.64667264179327
epigenomics_9323_fast2bfq_347,42.78786451548368,82.83508675119896
epigenomics_9323_fast2bfq_348,37.29505265073328,84.74633721314324
epigenomics_9323_fast2bfq_349,47.3314584623483,67.57552498947491
epigenomics_9323_fast2bfq_350,47.14096258386561,71.94099105872658
epigenomics_9323_fast2bfq_351,46.73588417113855,73.64766541190954
epigenomics_9323_fast2bfq_352,44.755297225555694,83.878525580187
epigenomics_9323_fast2bfq_353,43.076808248615734,78.60758945597763
epigenomics_9323_fast2bfq_354,42.21245974664961,89.18346289316474
epigenomics_9323_fast2bfq_355,45.618610253273026,74.45646249015464
epigenomics_9323_fast2bfq_356,40.21350532773938,86.75948141380948
epigenomics_9323_fast2bfq_357,36.61336331303754,70.82220403017001
epigenomics_9323_fast2bfq_358,48.46107149484538,81.4292665872717
epigenomics_9323_fast2bfq_359,53.9438365949033,75.881877005111
epigenomics_9323_fast2bfq_360,48.32018736791958,75.93748874848674
epigenomics_9323_fast2bfq_361,45.04683776074903,75.98604487292567
epigenomics_9323_fast2bfq_362,40.50717433928466,78.35143730597073
epigenomics_9323_fast2bfq_363,41.854673785900324,72.98883743069943
epigenomics_9323_fast2bfq_364,50.05207640861298,79.0033777940992
epigenomics_9323_fast2bfq_365,49.24269711413424,77.08862204209127
epigenomics_9323_fast2bfq_366,44.44091268241004,76.76735753501106
epigenomics_9323_fast2bfq_367,34.621653754775245,81.49751802224925
epigenomics_9323_fast2bfq_368,35.27729392694789,81.14624078074183
epigenomics_9323_fast2bfq_369,50.76271870438687,82.13485293652967
epigenomics_9323_fast2bfq_370,45.20826797247424,66.38677412759347
epigenomics_9323_fast2bfq_371,43.804832741341116,85.02259720023689
epigenomics_9323_fast2bfq_372,41.35408002298507,76.0124085566387
epigenomics_9323_fast2bfq_373,43.25877377605048,83.48634440017891
epigenomics_9323_fast2bfq_374,39.77675591868942,77.35207960875377
epigenomics_9323_fast2bfq_375,50.7491223304235,93.10980134761137
epigenomics_9323_fast2bfq_376,37.39129679901032,87.0164233648277
epigenomics_9323_fast2bfq_377,40.161591876415066,80.62433070031842
epigenomics_9323_fast2bfq_378,64.02114319796516,81.69927117039502
epigenomics_9323_fast2bfq_379,49.513679879188324,84.38772997217427
epigenomics_9323_fast2bfq_380,40.29946498742812,86.46584456007324
epigenomics_9323_fast2bfq_381,53.11499515812035,83.17490830618273
epigenomics_9323_fast2bfq_382,44.99027947118733,91.74455069072258
epigenomics_9323_fast2bfq_383,49.59063957017638,87.21566914560438
epigenomics_9323_fast2bfq_384,37.317915258650686,61.49378798113803
epigenomics_9323_fast2bfq_385,47.998578254597774,92.70976732360495
epigenomics_9323_fast2bfq_386,53.190139360939625,80.23431325082794
epigenomics_9323_fast2bfq_387,53.44302984616833,74.06831809125039
epigenomics_9323_fast2bfq_388,50.89950435629811,83.48158684934575
epigenomics_9323_fast2bfq_389,41.9470179818713,79.64387858560116
epigenomics_9323_fast2bfq_390,47.89498060659283,69.36995133760928
epigenomics_9323_fast2bfq_391,37.016975556968255,78.22300673496335
epigenomics_9323_fast2bfq_392,48.49183392912585,71.9365715931644
epigenomics_9323_fast2bfq_393,48.12927623804303,77.02447494055062
epigenomics_9323_fast2bfq_394,47.89645103587944,81.20338269462036
epigenomics_9323_fast2bfq_395,47.0401209361427,69.3753917829839
epigenomics_9323_fast2bfq_396,54.50705435602543,87.56322252955127
epigenomics_9323_fast2bfq_397,47.12203148926136,95.20958798579525
epigenomics_9323_fast2bfq_398,40.547063662352144,80.9202822477913
epigenomics_9323_fast2bfq_399,38.28789965567363,80.5074530790279
epigenomics_9323_fast2bfq_400,50.6993992232129,79.57667122694718
epigenomics_9323_fast2bfq_401,31.761458702477075,88.80270115834493
epigenomics_9323_fast2bfq_402,49.58526060396916,68.61894483301663
epigenomics_9323_fast2bfq_403,34.33530528241663,76.23962375226613
epigenomics_9323_fast2bfq_404,47.52795154533167,75.66321827295339
epigenomics_9323_fast2bfq_405,44.26563565885683,72.73804649410106
epigenomics_9323_fast2bfq_406,33.969645329561445,70.90428713609174
epigenomics_9323_fast2bfq_407,41.66443696192457,74.05117328919924
epigenomics_9323_fast2bfq_408,41.08758017464417,72.32144577532688
epigenomics_9323_fast2bfq_409,41.88873157254413,70.9913773293476
epigenomics_9323_fast2bfq_410,53.000623866938604,79.50158962212389
epigenomics_9323_fast2bfq_411,47.213435891819664,78.46639579430155
epigenomics_9323_fast2bfq_412,52.61872289359967,87.06072872089409
epigenomics_9323_fast2bfq_413,41.407032672584776,81.12603898992448
epigenomics_9323_fast2bfq_414,43.56718775622042,88.61408364440045
epigenomics_9323_fast2bfq_415,36.98091628869083,73.23581985043384
epigenomics_9323_fast2bfq_416,44.16785860905549,71.92952476055055
epigenomics_9323_fast2bfq_417,46.892671026713685,76.30780540326876
epigenomics_9323_fast2bfq_418,27.48738953653128,80.54311770581867
epigenomics_9323_fast2bfq_419,48.075618668973576,77.6279925124925
epigenomics_9323_fast2bfq_420,56.884566376513,79.90337148171758
epigenomics_9323_fast2bfq_421,30.081328787619164,66.18606722195446
epigenomics_9323_fast2bfq_422,38.165843178838315,76.93057478013364
epigenomics_9323_fast2bfq_423,51.301112440430806,76.53366692279855
epigenomics_9323_fast2bfq_424,58.337083706399525,66.27821851536592
epigenomics_9323_fast2bfq_425,39.79642250045878,81.1625804897667
epigenomics_9323_fast2bfq_426,39.03739677947125,83.68264640211807
epigenomics_9323_fast2bfq_427,53.215123423111706,75.04715470806148
epigenomics_9323_fast2bfq_428,42.76056013095393,87.75804111537809
epigenomics_9323_fast2bfq_429,44.817418053121806,80.21350644655514
epigenomics_9323_fast2bfq_430,39.85212267814833,79.32327076272699
epigenomics_9323_fast2bfq_431,40.746136428068056,69.53161004061113
epigenomics_9323_fast2bfq_432,51.632783050179015,80.11751167757363
epigenomics_9323_fast2bfq_433,61.632461126804685,80.89102128657166
epigenomics_9323_fast2bfq_434,36.32057775744979,74.71036452263807
epigenomics_9323_fast2bfq_435,46.33258121464503,88.38986848165055
epigenomics_9323_fast2bfq_436,50.705961950508,76.40382677825748
epigenomics_9323_fast2bfq_437,39.21434393080163,85.89585796577518
epigenomics_9323_fast2bfq_438,51.254561460877895,80.89366463117041
epigenomics_9323_fast2bfq_439,52.7965132872576,85.34410684662507
epigenomics_9323_fast2bfq_440,50.481140012823126,77.93326772464567
epigenomics_9323_fast2bfq_441,46.89242803769836,86.6072650554612
epigenomics_9323_fast2bfq_442,52.2563090456904,88.80746570679891
epigenomics_9323_fast2bfq_443,50.156954300379965,86.02317142497708
epigenomics_9323_fast2bfq_444,30.732152166710538,69.00728605648253
epigenomics_9323_fast2bfq_445,32.163326808503136,69.03114728916648
epigenomics_9323_fast2bfq_446,51.165466605141425,75.89063504644314
epigenomics_9323_fast2bfq_447,45.18476742427364,77.84741133991642
epigenomics_9323_fast2bfq_448,43.11910073849928,79.25710015973345
epigenomics_9323_fast2bfq_449,50.027343504899484,75.35360364231326
epigenomics_9323_fast2bfq_450,43.715400050908634,74.64345839136081
epigenomics_9323_fast2bfq_451,44.331346192581826,75.21084140265175
epigenomics_9323_fast2bfq_452,43.873574968237065,83.53966772639438
epigenomics_9323_fast2bfq_453,45.06689998335482,74.51864202803179
epigenomics_9323_fast2bfq_454,47.169887567349505,79.30998567357514
epigenomics_9323_fast2bfq_455,49.62220299196647,86.3510391479869
epigenomics_9323_fast2bfq_456,52.81358633080708,79.5226786104818
epigenomics_9323_fast2bfq_457,44.50107133080899,76.91306901971762
epigenomics_9323_fast2bfq_458,41.53246741950713,70.52055333962639
epigenomics_9323_fast2bfq_459,33.019715028097636,80.95595244988152
epigenomics_9323_fast2bfq_460,44.51502275630346,82.98536569223916
epigenomics_9323_fast2bfq_461,43.42381785773959,80.59119682488232
epigenomics_9323_fast2bfq_462,35.01467479092857,71.71989089701796
epigenomics_9323_fast2bfq_463,46.150820655220436,93.36824083392024
epigenomics_9323_fast2bfq_464,50.68438064220569,78.41369462683346
epigenomics_9323_fast2bfq_465,49.29867103330731,78.52929974457018
epigenomics_9323_fast2bfq_466,30.83207736298064,74.47679017390863
epigenomics_9323_fast2bfq_467,45.582748064059395,79.5587893287633
epigenomics_9323_fast2bfq_468,39.79730522647982,74.64654432554131
epigenomics_9323_fast2bfq_469,45.99206400580825,76.27957171009774
epigenomics_9323_fast2bfq_470,44.534008850406,75.24032172636848
epigenomics_9323_fast2bfq_471,42.56428359434661,89.45758476900417
epigenomics_9323_fast2bfq_472,32.39836419515996,74.41096070878613
epigenomics_9323_fast2bfq_473,41.634877964653924,87.77338271159208
epigenomics_9323_fast2bfq_474,44.64159852807885,83.07561313899953
epigenomics_9323_fast2bfq_475,48.23007436074078,78.18900384216009
epigenomics_9323_fast2bfq_476,46.31052330475142,87.96123897330997
epigenomics_9323_fast2bfq_477,40.8417192930666,78.83625155592085
epigenomics_9323_fast2bfq_478,43.96681602635668,76.76353312396084
epigenomics_9323_fast2bfq_479,33.970598767712886,82.73144610534125
epigenomics_9323_fast2bfq_480,37.293910155690256,68.98223541105332
epigenomics_9323_fast2bfq_481,36.33562188870381,85.50260121034262
epigenomics_9323_fast2bfq_482,51.42672299563045,87.47128773836897
epigenomics_9323_fast2bfq_483,44.72829404471977,96.70343888770574
epigenomics_9323_fast2bfq_484,42.646939958725795,85.79376163244241
epigenomics_9323_fast2bfq_485,50.37918645806295,69.52392147561117
epigenomics_9323_fast2bfq_486,37.715593331032146,83.11799790901044
epigenomics_9323_fast2bfq_487,42.23901390712576,64.36561713834865
epigenomics_9323_fast2bfq_488,43.46651837556318,75.3790594311844
epigenomics_9323_fast2bfq_489,30.31578565240891,84.71899346490508
epigenomics_9323_fast2bfq_490,55.31432807118381,84.58358060808726
epigenomics_9323_fast2bfq_491,50.2586351229985,90.95298984566257
epigenomics_9323_fast2bfq_492,58.7523954123364,83.14427289998422
epigenomics_9323_fast2bfq_493,37.94100091098164,82.02493034138642
epigenomics_9323_fast2bfq_494,43.75783497799391,74.89732076373197
epigenomics_9323_fast2bfq_495,45.82986922073755,69.2262634781966
epigenomics_9323_fast2bfq_496,51.80311413637345,83.08182398421664
epigenomics_9323_fast2bfq_497,59.55034928201263,79.95925294605063
epigenomics_9323_fast2bfq_498,48.53037487480194,100.22555579791529
epigenomics_9323_fast2bfq_499,56.464481959027445,87.60658690722512
epigenomics_9323_map_0,9347.27212898132,184.857074213403
epigenomics_9323_map_1,9226.248304735758,185.5868809756014
epigenomics_9323_map_2,10569.120063544719,183.3047838603383
epigenomics_9323_map_3,9629.4882675667,181.48897490162776
epigenomics_9323_map_4,10022.870310264761,187.63842940863074
epigenomics_9323_map_5,10488.458019025913,188.40031970875444
epigenomics_9323_map_6,10065.423726170096,184.90748280825096
epigenomics_9323_map_7,9484.057300291037,186.77656657750433
epigenomics_9323_map_8,9974.69306289565,192.21961931940652
epigenomics_9323_map_9,10100.62769094827,187.87238389141655
epigenomics_9323_map_10,10052.687980427849,187.41044601583354
epigenomics_9323_map_11,9864.042507596252,186.09973389417365
epigenomics_9323_map_12,9119.262244632142,194.66849038825544
epigenomics_9323_map_13,10137.273407087378,180.434916118927
epigenomics_9323_map_14,9742.08417477987,179.91085282314197
epigenomics_9323_map_15,9124.884770988907,184.39967905547462
epigenomics_9323_map_16,9986.1161380737,178.2548653003937
epigenomics_9323_map_17,10250.34523067335,189.17662599095215
epigenomics_9323_map_18,11137.885127536603,184.63586396041012
epigenomics_9323_map_19,9447.817140680738,185.0892646191984
epigenomics_9323_map_20,9805.587840125727,187.95260050575052
epigenomics_9323_map_21,9622.117359264399,177.46795292015943
epigenomics_9323_map_22,10425.847739666955,180.5511045855705
epigenomics_9323_map_23,9427.330708068113,191.00465610621967
epigenomics_9323_map_24,9983.73453531266,186.24507742280204
epigenomics_9323_map_25,9668.476432218189,174.20132006598237
epigenomics_9323_map_26,10343.729804174278,179.82059980937788
epigenomics_9323_map_27,9906.014145570529,196.45042672357073
epigenomics_9323_map_28,9645.183534593683,189.79464261627626
epigenomics_9323_map_29,9458.389122668497,178.55289952103772
epigenomics_9323_map_30,9881.188947501441,197.59498086760055
epigenomics_9323_map_31,9918.36144977555,186.66915354183007
epigenomics_9323_map_32,10377.556362080173,179.75398077384878
epigenomics_9323_map_33,10135.474709755379,190.77603412404324
epigenomics_9323_map_34,10546.901909748802,184.8448550168075
epigenomics_9323_map_35,10322.901465242296,189.1717446840177
epigenomics_9323_map_36,9032.053729813653,183.26260153869953
epigenomics_9323_map_37,9646.102256299724,182.34396502886884
epigenomics_9323_map_38,10175.286513924575,179.20755327054647
epigenomics_9323_map_39,10419.223754581579,185.0000778052206
epigenomics_9323_map_40,10268.615557570782,184.9736616336761
epigenomics_9323_map_41,9560.737630569125,188.7965705651695
epigenomics_9323_map_42,9920.484704494587,195.7300342312995
epigenomics_9323_map_43,10120.139206674825,185.37774497059237
epigenomics_9323_map_44,10203.935212972585,188.5273709144483
epigenomics_9323_map_45,10432.142839033026,176.04019679852388
epigenomics_9323_map_46,9926.348500918777,181.92645209208538
epigenomics_9323_map_47,9609.192849613011,181.88566744898682
epigenomics_9323_map_48,9821.776581009377,184.65535829634953
epigenomics_9323_map_49,9853.767994864596,181.46355548696027
epigenomics_9323_map_50,9549.078973065474,180.32908491325858
epigenomics_9323_map_51,10237.521858357322,179.7983541647764
epigenomics_9323_map_52,10566.348687076248,180.84204913556155
epigenomics_9323_map_53,9313.947333269894,196.3609194673429
epigenomics_9323_map_54,9153.964289802187,187.005393896612
epigenomics_9323_map_55,8871.732262162635,186.97319369007383
epigenomics_9323_map_56,10504.109394044384,182.4063774755406
epigenomics_9323_map_57,10084.948014748492,181.66050488680986
epigenomics_9323_map_58,9280.94432293593,182.5643088058618
epigenomics_9323_map_59,10156.475159785272,185.50252569538205
epigenomics_9323_map_60,9492.99511348919,189.85039078340904
epigenomics_9323_map_61,9080.055797783796,184.44421648858844
epigenomics_9323_map_62,9515.040948485052,187.72170596269686
epigenomics_9323_map_63,10965.161530098412,177.23608869474387
epigenomics_9323_map_64,9384.97601067236,182.99522078912347
epigenomics_9323_map_65,9863.978547404635,189.25324863510258
epigenomics_9323_map_66,9675.914276522846,186.58174405225154
epigenomics_9323_map_67,9967.00660219298,186.42830050034814
epigenomics_9323_map_68,10171.449644049244,187.15854567517206
epigenomics_9323_map_69,10005.115804103843,187.29432624035124
epigenomics_9323_map_70,8903.205656330136,181.83095231440382
epigenomics_9323_map_71,11062.108369815774,186.247703811402
epigenomics_9323_map_72,9987.050089248176,179.762054850282
epigenomics_9323_map_73,10488.728487978096,191.8889757640019
epigenomics_9323_map_74,8888.984704882392,190.24145764552839
epigenomics_9323_map_75,10688.446230949974,178.03711639888974
epigenomics_9323_map_76,9691.85817610058,181.21998455007622
epigenomics_9323_map_77,9570.270343802544,184.2695234216619
epigenomics_9323_map_78,9264.118707268486,182.4999958300693
epigenomics_9323_map_79,10485.282367217582,184.12802788453914
epigenomics_9323_map_80,10955.122772751203,186.54846069832743
epigenomics_9323_map_81,10415.652112144455,182.52170218011574
epigenomics_9323_map_82,10229.607449363437,188.81185569970307
epigenomics_9323_map_83,10220.19865457123,190.04880761214685
epigenomics_9323_map_84,10256.303931748438,189.42620185189247
epigenomics_9323_map_85,9946.392923738045,191.84665355737275
epigenomics_9323_map_86,10194.387008754373,183.32751960218107
epigenomics_9323_map_87,10446.135675389458,181.50017540651407
epigenomics_9323_map_88,9952.745332719516,188.03419230403244
epigenomics_9323_map_89,9883.999389016228,188.46368557249522
epigenomics_9323_map_90,9553.846060403848,189.84526774780193
epigenomics_9323_map_91,9212.0881883292,180.17571689979965
epigenomics_9323_map_92,9931.320772107641,186.89046817382544
epigenomics_9323_map_93,10622.50452983482,178.5187064359244
epigenomics_9323_map_94,9483.273638767996,193.73065909457796
epigenomics_9323_map_95,9633.234424449443,183.3859634498914
epigenomics_9323_map_96,10212.45704411021,188.2282886844904
epigenomics_9323_map_97,10328.806622477063,197.98087855911476
epigenomics_9323_map_98,10012.138963115025,184.13673527100974
epigenomics_9323_map_99,8814.891355532334,184.43227869689952
epigenomics_9323_map_100,9604.963063954216,188.7605966559999
epigenomics_9323_map_101,9745.721994349335,186.6789530531558
epigenomics_9323_map_102,10030.91738216588,187.54973745739417
epigenomics_9323_map_103,9871.312511623564,177.88634740209173
epigenomics_9323_map_104,10727.898570737794,184.3455307919678
epigenomics_9323_map_105,9844.176722242046,181.9955199110371
epigenomics_9323_map_106,8778.19420251116,175.83508790874188
epigenomics_9323_map_107,10446.895664661031,185.77226076417844
epigenomics_9323_map_108,10052.940706731448,189.5926381086002
epigenomics_9323_map_109,9466.2011610142,174.93155752564954
epigenomics_9323_map_110,10276.959099968606,179.95283996313287
epigenomics_9323_map_111,9675.610930534927,183.3284349450737
epigenomics_9323_map_112,10122.097890584926,182.75466786108606
epigenomics_9323_map_113,9384.705614912356,183.05806844075514
epigenomics_9323_map_114,9052.14146657826,181.67621773950043
epigenomics_9323_map_115,9968.04470084442,179.20917804460936
epigenomics_9323_map_116,10110.841148751018,184.99308467012563
epigenomics_9323_map_117,9323.453543169337,184.10058205470025
epigenomics_9323_map_118,9468.314900673053,190.18552846622933
epigenomics_9323_map_119,9877.140128340894,192.06925590646122
epigenomics_9323_map_120,10283.931532846707,190.60060609934837
epigenomics_9323_map_121,10751.007245703067,172.8814790265472
epigenomics_9323_map_122,9901.67596321887,187.83278331187992
epigenomics_9323_map_123,10481.607402276779,183.52644674516034
epigenomics_9323_map_124,10729.239182568253,183.9135661190047
epigenomics_9323_map_125,10815.302757550578,182.52632027060304
epigenomics_9323_map_126,10739.912274736793,177.2039150897993
epigenomics_9323_map_127,9179.492983287415,176.99740663494921
epigenomics_9323_map_128,9719.330265839892,176.41895237714533
epigenomics_9323_map_129,10006.97020569138,190.53650693359694
epigenomics_9323_map_130,10075.201087793444,185.22752202830978
epigenomics_9323_map_131,10106.407330932077,194.51163764360925
epigenomics_9323_map_132,9261.787235717711,191.8584867716112
epigenomics_9323_map_133,10221.39241450787,179.52942193545888
epigenomics_9323_map_134,9690.943926941225,186.91492781100345
epigenomics_9323_map_135,10567.822300071171,174.05465583721895
epigenomics_9323_map_136,10281.91204473611,184.80159420535867
epigenomics_9323_map_137,9355.883838579555,189.15858862696376
epigenomics_9323_map_138,10594.609533155157,182.20376885217055
epigenomics_9323_map_139,9936.076398176316,184.38456269711938
epigenomics_9323_map_140,10460.156191510898,179.29190423369784
epigenomics_9323_map_141,10050.286521939972,181.6467639676956
epigenomics_9323_map_142,9717.614619077855,196.16652965365216
epigenomics_9323_map_143,9350.166721508449,190.76746138218152
epigenomics_9323_map_144,10056.217667221053,178.0779668568127
epigenomics_9323_map_145,9829.191080097355,200.16359831599257
epigenomics_9323_map_146,9822.557390770915,187.05869724442147
epigenomics_9323_map_147,10389.378985428182,184.17008704288685
epigenomics_9323_map_148,10664.642991514267,186.47066728135718
epigenomics_9323_map_149,9514.37662008234,186.0580685837163
epigenomics_9323_map_150,9628.204895803647,176.47587906537998
epigenomics_9323_map_151,9892.186266787961,195.01932958022633
epigenomics_9323_map_152,9491.656770443658,182.06474850333237
epigenomics_9323_map_153,9510.429046748284,189.40844264471642
epigenomics_9323_map_154,9663.019244808862,183.60638765509776
epigenomics_9323_map_155,8894.291797018703,188.83639544390053
epigenomics_9323_map_156,10235.085885743269,185.7583550297436
epigenomics_9323_map_157,10278.150082258442,189.9244728489709
epigenomics_9323_map_158,9930.3633717748,193.33093768883015
epigenomics_9323_map_159,10369.9428081498,178.2945922088705
epigenomics_9323_map_160,9380.492301441256,189.75822020848497
epigenomics_9323_map_161,10729.077284917452,183.8548668786849
epigenomics_9323_map_162,10302.597359208516,183.0160173837282
epigenomics_9323_map_163,9546.825865749635,187.60437274050602
epigenomics_9323_map_164,9263.883333276828,182.18602675120488
epigenomics_9323_map_165,10106.163628413082,172.2783843862456
epigenomics_9323_map_166,10058.36803372167,182.1149292549441
epigenomics_9323_map_167,9420.81190972181,184.05623494888982
epigenomics_9323_map_168,10490.272029445501,183.8638234175712
epigenomics_9323_map_169,9862.148637757973,187.34687389087577
epigenomics_9323_map_170,10140.397378983536,178.53859382384658
epigenomics_9323_map_171,10282.91999981134,182.16639058959748
epigenomics_9323_map_172,9489.325080907054,181.0950066593196
epigenomics_9323_map_173,10762.899287361786,186.53464121116411
epigenomics_9323_map_174,10593.802398220314,188.08321997375782
epigenomics_9323_map_175,10252.796675138665,184.73936722150827
epigenomics_9323_map_176,10308.771367004258,184.94197853800293
epigenomics_9323_map_177,9744.57417971998,189.78832175556957
epigenomics_9323_map_178,9547.27406033052,189.52221743223637
epigenomics_9323_map_179,9383.8304291945,183.230497251967
epigenomics_9323_map_180,10057.274643186815,184.82230327325047
epigenomics_9323_map_181,10051.992971548405,186.8558916184959
epigenomics_9323_map_182,9904.9753642108,181.6637962651476
epigenomics_9323_map_183,9811.0752073429,195.08116793289597
epigenomics_9323_map_184,10823.685149010831,185.9952796064217
epigenomics_9323_map_185,9212.55929238187,189.90778023301135
epigenomics_9323_map_186,9787.699485924979,181.57963544587716
epigenomics_9323_map_187,11009.224815299503,181.18655519820422
epigenomics_9323_map_188,10286.678785132643,175.62470453401056
epigenomics_9323_map_189,9310.110148292351,185.7080192951725
epigenomics_9323_map_190,10086.537333885597,189.69887390683633
epigenomics_9323_map_191,9571.419648647301,189.9309151484804
epigenomics_9323_map_192,9602.834440621687,184.52352558694943
epigenomics_9323_map_193,10370.573238177796,182.1896696625879
epigenomics_9323_map_194,9354.963817211405,188.89583303315695
epigenomics_9323_map_195,9175.878290544097,182.9467926810232
epigenomics_9323_map_196,9543.697901238169,184.23742663412406
epigenomics_9323_map_197,9823.364077415992,181.40244984454563
epigenomics_9323_map_198,10453.139665254343,183.78585739727822
epigenomics_9323_map_199,9931.840016837856,191.3741713067657
epigenomics_9323_map_200,9473.55433267789,194.07688024176085
epigenomics_9323_map_201,9936.364918520921,187.85114734540366
epigenomics_9323_map_202,10354.873866734608,185.19879887850132
epigenomics_9323_map_203,10564.829014858868,178.2191022055965
epigenomics_9323_map_204,9406.210291795565,177.11051320663555
epigenomics_9323_map_205,9708.028953176994,187.26904394414115
epigenomics_9323_map_206,9704.867425540737,189.122114365299
epigenomics_9323_map_207,9762.018677910126,180.95286964096297
epigenomics_9323_map_208,10159.050592949801,187.04584587820864
epigenomics_9323_map_209,11184.569967683705,192.80709363796677
epigenomics_9323_map_210,9613.102149873359,188.3603093268258
epigenomics_9323_map_211,10071.027687572985,182.2337353849864
epigenomics_9323_map_212,9330.453534653461,179.5048562825217
epigenomics_9323_map_213,10125.930085943059,177.04680376957208
epigenomics_9323_map_214,10554.84417090902,183.18095810342137
epigenomics_9323_map_215,9449.512554431365,187.65521022768345
epigenomics_9323_map_216,8853.971162253816,186.8644013016335
epigenomics_9323_map_217,9403.380871041842,189.02580649788374
epigenomics_9323_map_218,9141.61163169833,188.49708659504822
epigenomics_9323_map_219,10790.78223833512,182.71232876969967
epigenomics_9323_map_220,9605.410550397377,186.78214761226332
epigenomics_9323_map_221,9827.027604462477,190.9664372792993
epigenomics_9323_map_222,10396.837123215539,179.25754596480107
epigenomics_9323_map_223,9944.388459800799,190.79755539583786
epigenomics_9323_map_224,9693.443191517452,184.8591638275272
epigenomics_9323_map_225,9741.13240936649,183.81112464097873
epigenomics_9323_map_226,9998.54253589166,191.94200344693277
epigenomics_9323_map_227,9699.439857988516,187.2680733861186
epigenomics_9323_map_228,10583.980226747846,178.6993074300104
epigenomics_9323_map_229,9659.632957676115,198.27861320037735
epigenomics_9323_map_230,10477.80316263311,187.05125588213903
epigenomics_9323_map_231,9882.986185803591,188.69061157170313
epigenomics_9323_map_232,10160.662376844317,182.29219619524767
epigenomics_9323_map_233,10305.49978984656,185.20569099486272
epigenomics_9323_map_234,9434.57401377692,192.57678701156325
epigenomics_9323_map_235,10223.358362719371,186.5285141727003
epigenomics_9323_map_236,9693.70849917986,181.75613361463442
epigenomics_9323_map_237,10363.46259312845,183.22182801809598
epigenomics_9323_map_238,10108.30642407399,187.7532810516377
epigenomics_9323_map_239,10105.609288728425,185.05878683805634
epigenomics_9323_map_240,9242.745700632282,181.68733213577838
epigenomics_9323_map_241,11243.9393030588,175.52787717540576
epigenomics_9323_map_242,10683.524419941581,186.64697600060234
epigenomics_9323_map_243,10005.156854434292,187.93090368683312
epigenomics_9323_map_244,9394.348002814786,188.0655331411404
epigenomics_9323_map_245,10197.77265367426,191.7126924822539
epigenomics_9323_map_246,10790.681177839855,180.77793927752435
epigenomics_9323_map_247,9302.941375776016,184.56699509666953
epigenomics_9323_map_248,8809.611832545088,186.08471091489687
epigenomics_9323_map_249,9884.570767615072,184.1694214696103
epigenomics_9323_map_250,10268.621287775595,182.31652034404934
epigenomics_9323_map_251,10179.929586984943,186.67627586581375
epigenomics_9323_map_252,10112.57101872759,193.44844448393766
epigenomics_9323_map_253,9398.167285895672,182.09265260531492
epigenomics_9323_map_254,10004.670142875575,177.43943551242518
epigenomics_9323_map_255,10080.28877362535,187.04923358809282
epigenomics_9323_map_256,10504.790991637861,182.13457825797778
epigenomics_9323_map_257,10352.16127099431,185.89781299770564
epigenomics_9323_map_258,10901.861005337189,184.09329140333236
epigenomics_9323_map_259,9253.233957780341,180.62685775734943
epigenomics_9323_map_260,9387.079822056337,197.6369073501435
epigenomics_9323_map_261,9920.689358242142,179.6519385488794
epigenomics_9323_map_262,9397.907043289486,187.03480036119947
epigenomics_9323_map_263,10010.511251341859,182.17899959543197
epigenomics_9323_map_264,9867.22555960535,182.51177645235185
epigenomics_9323_map_265,8984.708295409355,183.2027382559318
epigenomics_9323_map_266,9720.100942088417,178.88685934802234
epigenomics_9323_map_267,9349.20635350384,187.8131464589505
epigenomics_9323_map_268,9108.678383333498,193.19105181161822
epigenomics_9323_map_269,9445.358065775119,183.53143290545705
epigenomics_9323_map_270,10328.616254292656,190.78097154334898
epigenomics_9323_map_271,10328.168366887778,182.44359625776096
epigenomics_9323_map_272,10348.055895264997,177.78443299099723
epigenomics_9323_map_273,9102.44469164906,196.63555051626554
epigenomics_9323_map_274,9653.270307889677,183.40608996656263
epigenomics_9323_map_275,9847.70939958224,180.99256400802977
epigenomics_9323_map_276,9764.62190582553,183.79860089119637
epigenomics_9323_map_277,10196.20365792091,197.17423958469493
epigenomics_9323_map_278,9449.572968701432,187.44908454221832
epigenomics_9323_map_279,10292.049859137385,188.77011570234603
epigenomics_9323_map_280,9297.161125399165,187.39941589331443
epigenomics_9323_map_281,9982.17417676102,185.55679555358682
epigenomics_9323_map_282,10158.03249240242,181.71703846292272
epigenomics_9323_map_283,11045.379948204009,175.132581794567
epigenomics_9323_map_284,10544.725300436281,189.2034240788727
epigenomics_9323_map_285,9221.607932732093,190.57724610413996
epigenomics_9323_map_286,9447.699800478918,189.24411304334393
epigenomics_9323_map_287,10235.7928809171,183.8089901025779
epigenomics_9323_map_288,9668.241818163753,180.94015979110497
epigenomics_9323_map_289,10170.84927551332,184.75476998360608
epigenomics_9323_map_290,10285.584063199594,186.80868520075902
epigenomics_9323_map_291,10676.27950928472,178.0394430828208
epigenomics_9323_map_292,10381.595211370406,184.98349627755738
epigenomics_9323_map_293,9699.275159989982,178.24702512495713
epigenomics_9323_map_294,9960.05575057022,173.49893629069953
epigenomics_9323_map_295,9413.727935800935,179.1066802125496
epigenomics_9323_map_296,9755.134027237995,181.97772835719354
epigenomics_9323_map_297,11048.48166420663,181.2163350207148
epigenomics_9323_map_298,8741.802248106182,185.2564593304126
epigenomics_9323_map_299,9789.521349093762,188.27358260615355
epigenomics_9323_map_300,9926.357199998854,186.02943105434642
epigenomics_9323_map_301,10117.813554464574,179.08612498128733
epigenomics_9323_map_302,9660.43749767477,189.3539788704206
epigenomics_9323_map_303,9869.038405089726,185.44677066809098
epigenomics_9323_map_304,10931.477262738259,190.28450757444702
epigenomics_9323_map_305,9461.372274882187,177.92569386543337
epigenomics_9323_map_306,9759.665731360257,178.785691106123
epigenomics_9323_map_307,8933.100705957437,181.31606278858106
epigenomics_9323_map_308,10261.271870209706,196.08238176410688
epigenomics_9323_map_309,9555.979472034529,171.5859722093431
epigenomics_9323_map_310,9940.29596466051,180.38266400786938
epigenomics_9323_map_311,9708.508696559673,185.1431677844422
epigenomics_9323_map_312,10352.660778916515,179.75507978759273
epigenomics_9323_map_313,9930.828058732584,189.42596728461666
epigenomics_9323_map_314,10155.507669047702,183.3156057922882
epigenomics_9323_map_315,10357.410293756644,185.84946302392086
epigenomics_9323_map_316,10708.362477382962,184.16401342969934
epigenomics_9323_map_317,9894.874076295415,181.66057063153295
epigenomics_9323_map_318,10355.213394943525,185.19356298831195
epigenomics_9323_map_319,9492.156311553805,177.64324649854353
epigenomics_9323_map_320,9484.609804602003,191.22838426073218
epigenomics_9323_map_321,9767.358831865546,188.19811635041543
epigenomics_9323_map_322,9103.780293577745,188.07825894482008
epigenomics_9323_map_323,10012.800635875734,184.81237784486495
epigenomics_9323_map_324,10030.760835786445,175.04323229938367
epigenomics_9323_map_325,10614.731471767489,178.77502352287394
epigenomics_9323_map_326,10001.915209708452,182.60747314871193
epigenomics_9323_map_327,9727.660101965892,182.28618833160073
epigenomics_9323_map_328,9512.862352326878,181.21935719760194
epigenomics_9323_map_329,9426.433445715084,186.91993212511508
epigenomics_9323_map_330,10141.314497921076,180.27699752819217
epigenomics_9323_map_331,10536.553448244544,180.58697946482113
epigenomics_9323_map_332,9785.159369878735,185.85925424283013
epigenomics_9323_map_333,9127.494097403913,180.56192461185128
epigenomics_9323_map_334,10257.965478483638,203.2120646937207
epigenomics_9323_map_335,10688.742184047453,186.75814259700306
epigenomics_9323_map_336,10007.73316613265,175.70067839071487
epigenomics_9323_map_337,9844.514247910784,180.8281447522218
epigenomics_9323_map_338,10843.536388469109,182.5672032657919
epigenomics_9323_map_339,9527.051985080258,183.34439173079053
epigenomics_9323_map_340,10669.910309557741,190.3345259338347
epigenomics_9323_map_341,10226.626555552913,183.45157619997366
epigenomics_9323_map_342,10054.852865842882,189.74770147257595
epigenomics_9323_map_343,9719.605844738235,191.26507723057767
epigenomics_9323_map_344,9820.085124959722,197.87985997055583
epigenomics_9323_map_345,10069.387071669596,188.85501559583344
epigenomics_9323_map_346,9922.421384569578,185.62525121253873
epigenomics_9323_map_347,10430.736084848677,182.919633782434
epigenomics_9323_map_348,10072.038477163933,184.66601278237226
epigenomics_9323_map_349,9298.271775509525,196.78110797594726
epigenomics_9323_map_350,9048.466847863165,185.44497394473566
epigenomics_9323_map_351,10299.58369072745,185.78983784378946
epigenomics_9323_map_352,9722.95756611335,184.9093085641819
epigenomics_9323_map_353,9673.59290476196,185.0128242262723
epigenomics_9323_map_354,10437.545097547283,184.22009936463374
epigenomics_9323_map_355,10179.93542055097,194.36445578383191
epigenomics_9323_map_356,10357.607145400189,182.81038980494392
epigenomics_9323_map_357,10643.511888874707,182.42913299308438
epigenomics_9323_map_358,9914.942922011998,183.8402146350208
epigenomics_9323_map_359,10470.372394978604,185.27567635590628
epigenomics_9323_map_360,9954.52327533125,183.49571969936795
epigenomics_9323_map_361,10361.52344672212,193.25162271016114
epigenomics_9323_map_362,9294.18342424286,184.37833283798165
epigenomics_9323_map_363,9802.201562717513,179.72263617771495
epigenomics_9323_map_364,9839.854230734367,182.74317532656553
epigenomics_9323_map_365,10357.711615666998,186.71525185697752
epigenomics_9323_map_366,10472.555992239299,186.9886782829945
epigenomics_9323_map_367,10520.303275660697,190.97368389436392
epigenomics_9323_map_368,10613.258154926245,191.1772648109596
epigenomics_9323_map_369,9342.099824309675,193.26764191011063
epigenomics_9323_map_370,10687.046034438608,169.56246178824645
epigenomics_9323_map_371,10804.471611189034,181.8395984999412
epigenomics_9323_map_372,10429.782637176237,182.38137283366152
epigenomics_9323_map_373,9813.629143790928,193.97882122152387
epigenomics_9323_map_374,9531.657627461456,187.76951454530266
epigenomics_9323_map_375,11108.578327385065,182.013823383248
epigenomics_9323_map_376,10026.85569344419,188.82131026516564
epigenomics_9323_map_377,9949.404232472194,182.61127585597703
epigenomics_9323_map_378,9895.345715820069,192.07607789535024
epigenomics_9323_map_379,9951.312615244553,188.0534232314728
epigenomics_9323_map_380,10168.788299730362,182.6597854514489
epigenomics_9323_map_381,10172.43375742179,191.66589228394878
epigenomics_9323_map_382,10241.800392197349,191.94134499071058
epigenomics_9323_map_383,10417.436158270337,188.91134424426997
epigenomics_9323_map_384,10822.252358063904,183.64780119560552
epigenomics_9323_map_385,10237.894721742025,177.06093313879757
epigenomics_9323_map_386,9821.196361536155,181.08384550136432
epigenomics_9323_map_387,9561.336185109198,182.29461172970835
epigenomics_9323_map_388,10222.878363739732,191.38778683017682
epigenomics_9323_map_389,10773.412773786422,184.86881481284374
epigenomics_9323_map_390,10191.104014697245,177.1192175341386
epigenomics_9323_map_391,9943.39838300736,179.1410282285842
epigenomics_9323_map_392,10145.41196889638,188.4106803111156
epigenomics_9323_map_393,8880.682236004866,183.56319640307956
epigenomics_9323_map_394,9329.83920821196,175.39635524315906
epigenomics_9323_map_395,9389.962979543589,186.37385428584759
epigenomics_9323_map_396,10406.720806803009,195.66983779219646
epigenomics_9323_map_397,10733.692307368763,185.6947847326648
epigenomics_9323_map_398,10612.284643939456,195.07243993623166
epigenomics_9323_map_399,10218.103613036588,174.68807674701682
epigenomics_9323_map_400,9839.625893623952,189.35611474683765
epigenomics_9323_map_401,9559.988363964298,181.5106003944728
epigenomics_9323_map_402,10025.809368588016,183.19037853846686
epigenomics_9323_map_403,10252.192442919042,172.0034260346873
epigenomics_9323_map_404,9808.960075749437,178.7852387045647
epigenomics_9323_map_405,10032.879363741238,181.53831979629754
epigenomics_9323_map_406,9655.27662167739,184.65418968802345
epigenomics_9323_map_407,9049.058891185501,183.8121845335084
epigenomics_9323_map_408,10570.488048116002,177.76324733684035
epigenomics_9323_map_409,9201.815334499892,181.18371900857005
epigenomics_9323_map_410,10258.604256344985,185.7534763985188
epigenomics_9323_map_411,10492.767143736855,186.5729897546311
epigenomics_9323_map_412,9676.100109824714,193.23497729399045
epigenomics_9323_map_413,9568.560302338477,186.57475838694222
epigenomics_9323_map_414,9832.515245664215,188.1627158387418
epigenomics_9323_map_415,9770.304520611187,186.82732924236797
epigenomics_9323_map_416,9487.55174079646,179.26809036597916
epigenomics_9323_map_417,9618.242342777192,185.33767148631628
epigenomics_9323_map_418,8876.412232386681,190.80720324734847
epigenomics_9323_map_419,10119.017689481852,176.3954725286062
epigenomics_9323_map_420,9658.277623833266,188.50346912859177
epigenomics_9323_map_421,10053.961727941663,187.40471552490482
epigenomics_9323_map_422,10414.466243803246,189.07315336236988
epigenomics_9323_map_423,9654.7118529423,190.24838765770107
epigenomics_9323_map_424,10363.729184425742,185.26236854122692
epigenomics_9323_map_425,9539.327984165331,192.4870762147016
epigenomics_9323_map_426,9969.214985621004,191.86567415104557
epigenomics_9323_map_427,10347.334039919611,191.20869013002599
epigenomics_9323_map_428,10542.305837007307,184.89435573125093
epigenomics_9323_map_429,9308.078892140136,194.88280863514328
epigenomics_9323_map_430,9891.494267334012,182.18510771136593
epigenomics_9323_map_431,10039.618295009395,191.359126588484
epigenomics_9323_map_432,10200.650491491564,181.31554721250646
epigenomics_9323_map_433,9208.96210943469,187.6577592636279
epigenomics_9323_map_434,9390.41557586697,183.373174772229
epigenomics_9323_map_435,9972.402863391486,180.66357785155432
epigenomics_9323_map_436,9195.301487087037,194.5637878616362
epigenomics_9323_map_437,10408.363190617863,185.3773477638834
epigenomics_9323_map_438,9927.868431303516,179.68620818469319
epigenomics_9323_map_439,9949.555877788602,183.13185324126425
epigenomics_9323_map_440,10198.323830036146,186.56173746279376
epigenomics_9323_map_441,8570.916166706813,190.00297161752184
epigenomics_9323_map_442,10172.95644123912,183.29106066748426
epigenomics_9323_map_443,9964.110166209006,181.946939125993
epigenomics_9323_map_444,9188.346570032205,188.34682366783537
epigenomics_9323_map_445,9705.1089108372,191.9432563155503
epigenomics_9323_map_446,10556.07516524275,186.56242279461623
epigenomics_9323_map_447,10542.186890919762,183.1289170087723
epigenomics_9323_map_448,10799.218245639793,175.91140117583967
epigenomics_9323_map_449,9797.935345529324,186.85476622780882
epigenomics_9323_map_450,10631.282280306501,184.367647881566
epigenomics_9323_map_451,10016.355107158859,187.03889778955994
epigenomics_9323_map_452,10021.053477547903,191.11743475243577
epigenomics_9323_map_453,10201.78916404526,184.33953012376062
epigenomics_9323_map_454,9706.491626699137,175.7142137620141
epigenomics_9323_map_455,9789.888492698274,184.57005812595864
epigenomics_9323_map_456,8987.990018385433,177.6287243134646
epigenomics_9323_map_457,10033.49349930039,187.24087919644992
epigenomics_9323_map_458,10576.049548025716,185.97078299444195
epigenomics_9323_map_459,9575.891973757725,180.74768211366595
epigenomics_9323_map_460,9703.880230051485,187.6923421386859
epigenomics_9323_map_461,9524.683826863842,182.92053882657953
epigenomics_9323_map_462,9681.540353218545,182.08477763194125
epigenomics_9323_map_463,9415.94356083354,179.63700864042318
epigenomics_9323_map_464,10011.897228992118,185.81293063899128
epigenomics_9323_map_465,9719.304491069537,188.90102125780518
epigenomics_9323_map_466,9936.844339208925,185.71166049157628
epigenomics_9323_map_467,10192.523154276389,179.61999811722762
epigenomics_9323_map_468,10247.127793926602,179.54898975231833
epigenomics_9323_map_469,9922.728024524655,182.59084758244606
epigenomics_9323_map_470,10361.328347890454,193.01846514862132
epigenomics_9323_map_471,10007.476934163442,181.02193823226278
epigenomics_9323_map_472,9607.945615258905,183.93365137604357
epigenomics_9323_map_473,10363.127179213456,191.6962496688458
epigenomics_9323_map_474,10722.173614433661,184.5491233608685
epigenomics_9323_map_475,10229.971898407914,178.52701962496076
epigenomics_9323_map_476,9838.266962779757,179.79780470205625
epigenomics_9323_map_477,8450.234912262193,185.17968789651985
epigenomics_9323_map_478,10166.718131094138,186.65001250208957
epigenomics_9323_map_479,10991.713835146977,183.73149077950134
epigenomics_9323_map_480,10191.6370117145,176.0949680621577
epigenomics_9323_map_481,9963.88588138938,185.35097587298355
epigenomics_9323_map_482,9386.976228599826,182.05000068466148
epigenomics_9323_map_483,9426.491267997408,182.48919815759984
epigenomics_9323_map_484,10711.21647761332,183.84115060643572
epigenomics_9323_map_485,10340.68735636687,184.18037195010143
epigenomics_9323_map_486,10692.698095293657,182.64549914318354
epigenomics_9323_map_487,9990.915287914144,179.35987811586475
epigenomics_9323_map_488,9871.043341130951,181.7889814246003
epigenomics_9323_map_489,9656.420712987832,191.5536774718688
epigenomics_9323_map_490,10614.90339035554,179.04350076688354
epigenomics_9323_map_491,10072.67003424803,187.3634964666879
epigenomics_9323_map_492,10350.206016320513,181.7614567913461
epigenomics_9323_map_493,8937.200993099106,180.58232020573695
epigenomics_9323_map_494,10338.926400973109,174.5366355150614
epigenomics_9323_map_495,9600.669900685936,186.64629025303793
epigenomics_9323_map_496,10447.37745295313,186.38017163208727
epigenomics_9323_map_497,9414.389449110939,178.96734862864062
epigenomics_9323_map_498,9754.751799315427,183.0425541834034
epigenomics_9323_map_499,10404.654643605534,181.83839331880716
epigenomics_9323_mapMerge1_0,110.45493271288268,112.37466471565929
epigenomics_9323_mapMerge1_1,81.9285752716028,137.65121963063854
epigenomics_9323_mapMerge2_0,98.39669612859217,127.32349145668225
epigenomics_9323_chr21_0,151.18616403433538,50.6228397807962
epigenomics_9323_pileup_0,234.1158715716931,96.82988358846453
