request,latency,mem
epigenomics_242_entry_0,1.0,1.0
epigenomics_242_fastqSplit_0,53.537042986726846,89.06630538266563
epigenomics_242_fastqSplit_1,65.38454947263058,98.81601437993905
epigenomics_242_filterContams_0,18.359361191157983,52.22076539627405
epigenomics_242_filterContams_1,18.76735013206699,51.61646722584558
epigenomics_242_filterContams_2,17.38705302430221,83.99851401302074
epigenomics_242_filterContams_3,23.098599478020812,54.53829885467977
epigenomics_242_filterContams_4,17.91652491874393,61.62262408566775
epigenomics_242_filterContams_5,17.47565992749003,68.30944800429106
epigenomics_242_filterContams_6,20.988605612437798,53.952062202797386
epigenomics_242_filterContams_7,19.339032195813086,68.37529468681502
epigenomics_242_filterContams_8,22.471240656914322,64.54131473478577
epigenomics_242_filterContams_9,21.658888454418438,66.95589279200212
epigenomics_242_filterContams_10,16.927562129152584,59.7047020699113
epigenomics_242_filterContams_11,19.407864495461826,67.20835897247882
epigenomics_242_filterContams_12,15.590508544374202,56.60749526274402
epigenomics_242_filterContams_13,18.33711388860141,63.675121476593766
epigenomics_242_filterContams_14,24.076541336029816,70.76883526057983
epigenomics_242_filterContams_15,16.9812084874169,60.13021369419213
epigenomics_242_filterContams_16,21.716334187802907,63.77981251715965
epigenomics_242_filterContams_17,18.605017783234093,73.25429592271682
epigenomics_242_filterContams_18,22.46369089048802,71.80181311168657
epigenomics_242_filterContams_19,22.199292869558548,65.9363923492159
epigenomics_242_filterContams_20,22.648590197845486,74.40968715807492
epigenomics_242_filterContams_21,18.795430697041628,70.66437597570041
epigenomics_242_filterContams_22,23.671830489849146,58.87597235126367
epigenomics_242_filterContams_23,18.789842826902248,78.74614796081083
epigenomics_242_filterContams_24,21.205632197037314,83.08210781618317
epigenomics_242_filterContams_25,18.53694588847062,48.33479354705348
epigenomics_242_filterContams_26,22.191273336026438,59.19805595218404
epigenomics_242_filterContams_27,25.832551714143335,66.24345512052507
epigenomics_242_filterContams_28,24.216474761455903,74.58920959883054
epigenomics_242_filterContams_29,21.638973495622846,65.93362077783786
epigenomics_242_filterContams_30,21.2809443943509,68.92969395051877
epigenomics_242_filterContams_31,18.882525497493837,80.85210464561361
epigenomics_242_filterContams_32,17.958652687792608,67.88032086293846
epigenomics_242_filterContams_33,20.71757033466861,67.89577471803854
epigenomics_242_filterContams_34,21.901690341629795,65.74967622044694
epigenomics_242_filterContams_35,28.807993057957624,56.467921775979654
epigenomics_242_filterContams_36,18.832306282091274,71.15063905871308
epigenomics_242_filterContams_37,19.008611468633006,63.556773033692664
epigenomics_242_filterContams_38,17.006660329205122,56.410577995811416
epigenomics_242_filterContams_39,18.742288607959015,61.68793887652988
epigenomics_242_filterContams_40,17.599429795436254,63.28727916167079
epigenomics_242_filterContams_41,22.762082668941233,61.33490842754172
epigenomics_242_filterContams_42,21.020483027754416,50.95845661091854
epigenomics_242_filterContams_43,20.249498123537318,66.16059114072327
epigenomics_242_filterContams_44,18.66316646979287,43.050111024639186
epigenomics_242_filterContams_45,22.40325751858381,72.20819991721436
epigenomics_242_filterContams_46,26.21881756527643,58.382672783305715
epigenomics_242_filterContams_47,15.896325252352776,76.22856426902773
epigenomics_242_filterContams_48,18.411889288346753,64.56396855768054
epigenomics_242_filterContams_49,24.0351962811716,65.76779805550586
epigenomics_242_filterContams_50,16.570452961698983,65.01444103604149
epigenomics_242_filterContams_51,18.324081696599915,73.65941992043928
epigenomics_242_filterContams_52,23.94451870683542,70.26487335636678
epigenomics_242_filterContams_53,15.734062639072153,64.33245640649224
epigenomics_242_filterContams_54,21.762048866810254,75.00544147046284
epigenomics_242_filterContams_55,15.550461518434563,59.751594247461504
epigenomics_242_filterContams_56,21.288904358162867,71.39012114425381
epigenomics_242_filterContams_57,22.72158992871607,63.1581481402364
epigenomics_242_filterContams_58,21.9959039677079,62.0440081405829
epigenomics_242_filterContams_59,18.721683731800905,64.61294826631169
epigenomics_242_filterContams_60,21.414035739983817,77.23389161528715
epigenomics_242_filterContams_61,23.80060275403469,71.14654359308031
epigenomics_242_filterContams_62,18.929066761197934,52.53463538358878
epigenomics_242_filterContams_63,19.26127924583557,64.31400395679883
epigenomics_242_filterContams_64,15.641691793020854,58.85254953197792
epigenomics_242_filterContams_65,21.080651493037887,65.61914123629866
epigenomics_242_filterContams_66,25.25735544072064,73.58445681363193
epigenomics_242_filterContams_67,15.966935381879736,58.56745245939455
epigenomics_242_filterContams_68,16.808777815183966,69.18974856057389
epigenomics_242_filterContams_69,20.80122585890874,58.850635803473764
epigenomics_242_filterContams_70,19.089428786510823,66.04041011036449
epigenomics_242_filterContams_71,23.00620024193296,64.64463311455268
epigenomics_242_filterContams_72,21.029684182217082,65.22288508204005
epigenomics_242_filterContams_73,18.397679926182665,67.8578692169504
epigenomics_242_filterContams_74,15.710262584022919,54.10936678252664
epigenomics_242_filterContams_75,21.19886295522968,65.08508258126595
epigenomics_242_filterContams_76,19.91652790734431,63.78023265573484
epigenomics_242_filterContams_77,18.66619915848193,53.1492001699093
epigenomics_242_filterContams_78,15.486816708990531,64.24149461056425
epigenomics_242_filterContams_79,24.54000500094505,52.52639743105234
epigenomics_242_filterContams_80,20.76408648022919,47.31885050906304
epigenomics_242_filterContams_81,20.234338403298292,73.82880179990985
epigenomics_242_filterContams_82,22.272618720379782,69.37907693942074
epigenomics_242_filterContams_83,21.733760240686255,68.62257180566849
epigenomics_242_filterContams_84,15.214899398527463,59.746584360517744
epigenomics_242_filterContams_85,20.211644259876334,63.17617674807328
epigenomics_242_filterContams_86,19.64225628118456,69.92062075360931
epigenomics_242_filterContams_87,17.75922748233869,63.647106382359276
epigenomics_242_filterContams_88,22.336646083257055,74.30382715021629
epigenomics_242_filterContams_89,19.049603872872833,65.4853272141586
epigenomics_242_filterContams_90,20.52516631009565,64.46952285711292
epigenomics_242_filterContams_91,16.66899770480338,51.5352813906072
epigenomics_242_filterContams_92,19.83454695729849,42.43701568572159
epigenomics_242_filterContams_93,19.533810631185656,52.96983672832597
epigenomics_242_filterContams_94,19.958617497141404,64.58032123072657
epigenomics_242_filterContams_95,20.368830520599538,65.2622290307919
epigenomics_242_filterContams_96,19.5665594274155,73.70926221108375
epigenomics_242_filterContams_97,21.939865151259863,75.64421129323435
epigenomics_242_filterContams_98,18.187243629573565,64.18081554015001
epigenomics_242_filterContams_99,21.823098211544426,56.23345462125335
epigenomics_242_filterContams_100,21.21466713353751,69.28268166047069
epigenomics_242_filterContams_101,15.488778310838498,48.03211161202145
epigenomics_242_filterContams_102,25.4618986315925,67.7574354442769
epigenomics_242_filterContams_103,23.348236567916327,62.79287445022903
epigenomics_242_filterContams_104,23.423142465565032,56.15662505157475
epigenomics_242_filterContams_105,23.4246365315937,69.58576246158603
epigenomics_242_filterContams_106,19.174780858875565,82.4032075400831
epigenomics_242_filterContams_107,18.558789667875054,64.96646795320423
epigenomics_242_filterContams_108,23.773456560966885,66.96613612791357
epigenomics_242_filterContams_109,20.790383296130234,65.80377998630613
epigenomics_242_filterContams_110,17.23835967354529,64.4051346975269
epigenomics_242_filterContams_111,17.69358719424914,57.00762063522446
epigenomics_242_filterContams_112,23.589741990014772,67.8739198135473
epigenomics_242_filterContams_113,17.59535531870843,65.716323828259
epigenomics_242_filterContams_114,15.97761005670498,66.73896927248894
epigenomics_242_filterContams_115,19.918040947807576,77.10977755068375
epigenomics_242_filterContams_116,13.509905153978632,55.52391320208214
epigenomics_242_filterContams_117,22.453059397792305,73.23014204171972
epigenomics_242_filterContams_118,25.116633271855797,80.45326444764235
epigenomics_242_filterContams_119,23.919485356608718,64.04657149723725
epigenomics_242_filterContams_120,16.34810750281453,66.89369110204501
epigenomics_242_filterContams_121,20.86215604121412,68.15277030619436
epigenomics_242_filterContams_122,16.910912644434244,69.69984204313958
epigenomics_242_filterContams_123,17.508627342884537,58.85700721164194
epigenomics_242_filterContams_124,27.547614416108786,61.835394657792236
epigenomics_242_filterContams_125,22.765072420738317,74.77220528583572
epigenomics_242_filterContams_126,20.083786016664135,67.83167177170206
epigenomics_242_filterContams_127,14.434674920831362,69.54152744563879
epigenomics_242_filterContams_128,23.21492468314661,73.42579732940952
epigenomics_242_filterContams_129,17.061377599714735,54.8992444563368
epigenomics_242_filterContams_130,21.576332812088978,76.65713226954225
epigenomics_242_filterContams_131,19.105017574053587,64.52652761866358
epigenomics_242_filterContams_132,15.354782058802327,66.51973111894671
epigenomics_242_filterContams_133,15.722293338055305,56.91990230148026
epigenomics_242_filterContams_134,25.587533102710207,59.87938104902981
epigenomics_242_filterContams_135,20.583649759300652,65.06907003206321
epigenomics_242_filterContams_136,23.550344526467534,60.91641263708888
epigenomics_242_filterContams_137,25.960880365034,57.98883468066367
epigenomics_242_filterContams_138,16.087935885991477,56.60813869602643
epigenomics_242_filterContams_139,16.813924320831468,51.52526044791536
epigenomics_242_filterContams_140,15.797146439419928,61.313366242893174
epigenomics_242_filterContams_141,16.305817021067302,61.87048252044479
epigenomics_242_filterContams_142,17.277927483117395,66.2259985177315
epigenomics_242_filterContams_143,18.068532016280926,76.35190823350355
epigenomics_242_filterContams_144,18.32692584863498,53.42756505774694
epigenomics_242_filterContams_145,18.578362541595354,75.40115839513038
epigenomics_242_filterContams_146,16.18427677525876,55.74769389629064
epigenomics_242_filterContams_147,16.565250240619005,78.41175844988197
epigenomics_242_filterContams_148,15.790045515510272,56.24486395566725
epigenomics_242_filterContams_149,16.53541834756004,63.84915981574394
epigenomics_242_filterContams_150,18.880748603110195,50.979503802925514
epigenomics_242_filterContams_151,17.941214058457845,68.35188616618815
epigenomics_242_filterContams_152,21.986522127201155,63.85674066975739
epigenomics_242_filterContams_153,18.59539745004601,59.09016832308463
epigenomics_242_filterContams_154,24.721101197992024,62.97591208245542
epigenomics_242_filterContams_155,23.660118696283902,47.08411012361717
epigenomics_242_filterContams_156,19.03612327736902,75.07064851589939
epigenomics_242_filterContams_157,22.473246317775484,77.49290475915596
epigenomics_242_filterContams_158,26.182805426211168,58.81178219518415
epigenomics_242_filterContams_159,20.90858356114737,61.49556074004156
epigenomics_242_filterContams_160,18.58877200169987,64.15474271030658
epigenomics_242_filterContams_161,17.25260222664654,67.15759320170703
epigenomics_242_filterContams_162,21.615129920730723,62.328551576453094
epigenomics_242_filterContams_163,22.038634178026456,55.73167673636105
epigenomics_242_filterContams_164,22.109003957465248,66.54621362230674
epigenomics_242_filterContams_165,19.363143409054413,57.83501111843803
epigenomics_242_filterContams_166,20.45866679757551,49.70634276473986
epigenomics_242_filterContams_167,18.82234364747179,69.43868781040867
epigenomics_242_filterContams_168,16.474926759249403,60.57566380558546
epigenomics_242_filterContams_169,21.78083485359923,73.47637242034997
epigenomics_242_filterContams_170,16.463468738928032,59.02927454619313
epigenomics_242_filterContams_171,18.459426268178145,54.8309499589996
epigenomics_242_filterContams_172,15.635253748868983,66.412515384143
epigenomics_242_filterContams_173,22.45405229880226,58.29722920917066
epigenomics_242_filterContams_174,20.143072315187606,61.95332907206189
epigenomics_242_filterContams_175,21.610399509475105,66.8472639350689
epigenomics_242_filterContams_176,23.18521125699115,81.5746992001531
epigenomics_242_filterContams_177,14.511884902863827,73.66754321428827
epigenomics_242_filterContams_178,16.927577767084255,58.43800336638152
epigenomics_242_filterContams_179,17.186910334253177,75.28138825328804
epigenomics_242_filterContams_180,21.153859332091887,61.886949811144646
epigenomics_242_filterContams_181,19.36642370841937,75.11482323950388
epigenomics_242_filterContams_182,21.646311737039937,66.51523419349893
epigenomics_242_filterContams_183,19.50047962501677,53.72877792119543
epigenomics_242_filterContams_184,19.069544804193114,67.32717433393121
epigenomics_242_filterContams_185,20.86356431951472,70.6013883681624
epigenomics_242_filterContams_186,21.1768469757846,67.64637774382483
epigenomics_242_filterContams_187,19.724682722952554,68.25020103642092
epigenomics_242_filterContams_188,17.24062302774192,64.81740768427868
epigenomics_242_filterContams_189,25.852030928746505,50.85365862742683
epigenomics_242_filterContams_190,26.802512947115094,58.960928577668824
epigenomics_242_filterContams_191,14.512965692958172,65.09599295958789
epigenomics_242_filterContams_192,15.865498830022396,59.269453047079324
epigenomics_242_filterContams_193,21.571541012736212,64.77431347946316
epigenomics_242_filterContams_194,20.75840936301277,63.26766448102748
epigenomics_242_filterContams_195,20.424816839765114,63.51154182108708
epigenomics_242_filterContams_196,19.26389980422847,53.9306864204623
epigenomics_242_filterContams_197,25.12974966946075,76.20332043802279
epigenomics_242_filterContams_198,20.900169991888536,71.26671483766484
epigenomics_242_filterContams_199,19.85589694417101,50.927212895397744
epigenomics_242_filterContams_200,25.017010199431134,52.531840795073634
epigenomics_242_filterContams_201,17.21812756261472,73.97526681759602
epigenomics_242_filterContams_202,26.632142556286777,58.24117290832375
epigenomics_242_filterContams_203,13.740803955763624,66.93331476916948
epigenomics_242_filterContams_204,22.036833977255945,73.35613413959278
epigenomics_242_filterContams_205,20.181822758825806,51.206135433110845
epigenomics_242_filterContams_206,20.486642836766077,60.21894095912108
epigenomics_242_filterContams_207,22.53260761070671,60.38787562053187
epigenomics_242_filterContams_208,19.629524886374952,75.18271839866527
epigenomics_242_filterContams_209,21.16302588226253,64.06809630066951
epigenomics_242_filterContams_210,20.020916645298936,70.43708977822104
epigenomics_242_filterContams_211,20.01740239338379,65.67168679322162
epigenomics_242_filterContams_212,21.289094941739158,70.55339259506457
epigenomics_242_filterContams_213,18.76135558035029,61.55103098192556
epigenomics_242_filterContams_214,20.77549461583357,58.142196792179774
epigenomics_242_filterContams_215,26.577773333513967,63.8551948032799
epigenomics_242_filterContams_216,20.220008852408068,67.88703178948894
epigenomics_242_filterContams_217,24.49845387521161,64.46337737224307
epigenomics_242_filterContams_218,19.738258951134405,65.41747519530108
epigenomics_242_filterContams_219,14.430296804582769,56.36416309187111
epigenomics_242_filterContams_220,18.227223903203953,58.144069620949956
epigenomics_242_filterContams_221,20.491265239569227,45.96720767827997
epigenomics_242_filterContams_222,16.662188070755104,73.5030251718966
epigenomics_242_filterContams_223,26.803067140666208,48.24457060692064
epigenomics_242_filterContams_224,25.688267591701706,51.75201803915721
epigenomics_242_filterContams_225,19.403262888996764,64.91167040954987
epigenomics_242_filterContams_226,20.06621818746488,50.10952900744891
epigenomics_242_filterContams_227,18.209583176260693,63.44368460490592
epigenomics_242_filterContams_228,19.511301998410865,62.276585518351865
epigenomics_242_filterContams_229,20.973478568014997,57.05889009137451
epigenomics_242_filterContams_230,24.43109830360434,69.3961674177373
epigenomics_242_filterContams_231,16.80352746989842,60.48705778532191
epigenomics_242_filterContams_232,16.50953248440309,67.34940041298441
epigenomics_242_filterContams_233,21.9002176480072,66.67789376471619
epigenomics_242_filterContams_234,16.666930319992314,65.2681283150168
epigenomics_242_filterContams_235,17.842752402366582,50.47914494270946
epigenomics_242_filterContams_236,21.82868775973545,69.63412901674192
epigenomics_242_filterContams_237,16.282593078066814,72.86204401360685
epigenomics_242_filterContams_238,22.42810846594602,69.49682755599498
epigenomics_242_filterContams_239,22.516722071336858,62.019270175327705
epigenomics_242_filterContams_240,22.318349184573155,49.74677652517372
epigenomics_242_filterContams_241,21.66340272484141,62.143912259405916
epigenomics_242_filterContams_242,20.209148871947058,60.30429962837865
epigenomics_242_filterContams_243,21.4559296558341,73.98713651895127
epigenomics_242_filterContams_244,18.005169905636322,69.81469173244552
epigenomics_242_filterContams_245,21.706498652009568,83.01809060235674
epigenomics_242_filterContams_246,16.770591798618135,71.46290572475789
epigenomics_242_filterContams_247,24.824355369310055,63.37295535606242
epigenomics_242_filterContams_248,22.67391089296187,61.35074295506612
epigenomics_242_filterContams_249,16.64806503131593,74.20179114958263
epigenomics_242_filterContams_250,18.683632226644065,61.45389407983191
epigenomics_242_filterContams_251,18.9270450432913,70.14716896010462
epigenomics_242_filterContams_252,19.937335862939324,73.5284211454401
epigenomics_242_filterContams_253,20.172619579577564,66.4500358693827
epigenomics_242_filterContams_254,18.747105067881673,61.29923628916047
epigenomics_242_filterContams_255,20.400659623428812,64.33300036150102
epigenomics_242_filterContams_256,22.208361679267863,72.82815733789509
epigenomics_242_filterContams_257,20.876624015671553,66.68147893965916
epigenomics_242_filterContams_258,16.463260389630822,65.55507866733984
epigenomics_242_filterContams_259,20.335152482970955,65.01338901134251
epigenomics_242_filterContams_260,20.625236695828345,74.3338383199602
epigenomics_242_filterContams_261,19.11792542110853,68.99320708912686
epigenomics_242_filterContams_262,15.218568998694458,71.22289378835922
epigenomics_242_filterContams_263,14.779787557040855,59.45929697405853
epigenomics_242_filterContams_264,19.196128591150686,60.99802046085786
epigenomics_242_filterContams_265,19.47030043808749,56.5169871143579
epigenomics_242_filterContams_266,19.578803356217726,67.38703479399175
epigenomics_242_filterContams_267,24.06179430320276,71.52759572928653
epigenomics_242_filterContams_268,14.805055229508863,68.29796647459591
epigenomics_242_filterContams_269,24.646371318743267,60.32390206323711
epigenomics_242_filterContams_270,19.410002831175436,59.40504130353516
epigenomics_242_filterContams_271,21.189507265435484,70.42473101550452
epigenomics_242_filterContams_272,25.311712879726937,70.6011554277249
epigenomics_242_filterContams_273,22.29284274266838,65.94746301848693
epigenomics_242_filterContams_274,23.58166232303137,62.78663493734288
epigenomics_242_filterContams_275,20.255449829962316,56.96074922610736
epigenomics_242_filterContams_276,19.91113058558281,81.38847024790994
epigenomics_242_filterContams_277,20.876463282627636,55.27352794966521
epigenomics_242_filterContams_278,22.2551789895865,49.95009998938495
epigenomics_242_filterContams_279,15.184038462402752,58.43612653932972
epigenomics_242_filterContams_280,14.871194686171288,73.36800790783303
epigenomics_242_filterContams_281,17.073499120596587,72.95317661274227
epigenomics_242_filterContams_282,22.069728000043117,59.768240317273694
epigenomics_242_filterContams_283,21.34726663739895,56.89334237236704
epigenomics_242_filterContams_284,17.125953693567546,54.17626544187558
epigenomics_242_filterContams_285,22.86664061807505,68.13373239028157
epigenomics_242_filterContams_286,19.796622839273155,57.01687770876545
epigenomics_242_filterContams_287,22.573327787673144,73.51836845590331
epigenomics_242_filterContams_288,14.729149482942912,66.39266134489259
epigenomics_242_filterContams_289,22.67948583162009,72.39429810598705
epigenomics_242_filterContams_290,19.209670426533954,75.47715906869598
epigenomics_242_filterContams_291,21.058381018045402,54.925336914832585
epigenomics_242_filterContams_292,13.656786536135398,51.35772838195302
epigenomics_242_filterContams_293,22.07092734007544,56.95547510860972
epigenomics_242_filterContams_294,21.905113899099785,77.30393324861987
epigenomics_242_filterContams_295,19.191655869594072,73.16215773176846
epigenomics_242_filterContams_296,16.649673525551577,62.55729567079625
epigenomics_242_filterContams_297,18.351752587407123,53.12427755462848
epigenomics_242_filterContams_298,23.720178802422016,62.79318583576698
epigenomics_242_filterContams_299,16.124306483423673,46.69140789337138
epigenomics_242_filterContams_300,20.11341262510939,76.84506373965242
epigenomics_242_filterContams_301,19.107203570173883,70.37797683891193
epigenomics_242_filterContams_302,20.78797009030666,51.89908839520861
epigenomics_242_filterContams_303,26.46754848221766,67.93281877757445
epigenomics_242_filterContams_304,25.351792222727575,50.3539938118456
epigenomics_242_filterContams_305,19.562829040221693,62.62172434149118
epigenomics_242_filterContams_306,17.451380943988255,70.29882465645818
epigenomics_242_filterContams_307,19.457323918278064,65.89871450959392
epigenomics_242_filterContams_308,22.203758452743287,54.95788024197557
epigenomics_242_filterContams_309,23.09726407565524,59.741524948930746
epigenomics_242_filterContams_310,18.488723158744527,67.86643538499813
epigenomics_242_filterContams_311,18.62341161883168,63.55074962354801
epigenomics_242_filterContams_312,21.761017110512892,67.95742642293186
epigenomics_242_filterContams_313,17.52981442622013,65.89830969195447
epigenomics_242_filterContams_314,17.768701836769907,72.92669661484213
epigenomics_242_filterContams_315,13.36572628218186,52.79736654143869
epigenomics_242_filterContams_316,22.208226393271556,48.75923646429521
epigenomics_242_filterContams_317,21.865045792125553,83.35767179115506
epigenomics_242_filterContams_318,23.22438188325532,54.03654511643752
epigenomics_242_filterContams_319,20.29520760004892,57.00922886779171
epigenomics_242_filterContams_320,23.626222337872523,69.66631122105449
epigenomics_242_filterContams_321,17.158656537082894,65.34717537479277
epigenomics_242_filterContams_322,15.828164917631456,69.59817059105323
epigenomics_242_filterContams_323,20.44174285900521,61.31400019649875
epigenomics_242_filterContams_324,19.163590065896226,67.8053485679908
epigenomics_242_filterContams_325,19.26230885563762,64.8183311830811
epigenomics_242_filterContams_326,13.838562714184622,68.42676217464937
epigenomics_242_filterContams_327,18.85058742238026,76.9424820862315
epigenomics_242_filterContams_328,19.80832050967284,44.088899094714805
epigenomics_242_filterContams_329,20.58068495058589,77.20473334673318
epigenomics_242_filterContams_330,19.238806121467924,69.7614691316742
epigenomics_242_filterContams_331,19.99402366382034,55.567190178260546
epigenomics_242_filterContams_332,21.549906332316226,56.56086123620277
epigenomics_242_filterContams_333,22.183233763757983,58.92105138391373
epigenomics_242_filterContams_334,19.450831165828752,67.6976522218174
epigenomics_242_filterContams_335,23.882956909578603,62.437216173345625
epigenomics_242_filterContams_336,16.207721872492773,67.08485431123215
epigenomics_242_filterContams_337,17.118641740754548,48.98933701669956
epigenomics_242_filterContams_338,18.505106148927283,65.66340730991016
epigenomics_242_filterContams_339,13.67962516274395,81.50215455510738
epigenomics_242_filterContams_340,22.504483018008305,62.08739755410867
epigenomics_242_filterContams_341,23.755338585854464,56.45155779002439
epigenomics_242_filterContams_342,22.04296057990333,37.65202175877347
epigenomics_242_filterContams_343,17.673346517915306,62.181251609144056
epigenomics_242_filterContams_344,17.788536683804196,70.13760685103101
epigenomics_242_filterContams_345,23.04941621612995,65.47497462762617
epigenomics_242_filterContams_346,25.110743595944008,66.95550262203153
epigenomics_242_filterContams_347,22.111977220875776,68.84492974038464
epigenomics_242_filterContams_348,23.903490286782336,68.35774829726833
epigenomics_242_filterContams_349,19.999088954957738,52.68207248118442
epigenomics_242_filterContams_350,19.83553422356192,59.22625149851034
epigenomics_242_filterContams_351,21.52916976859862,61.20661824590332
epigenomics_242_filterContams_352,19.890205592651732,79.83751793679717
epigenomics_242_filterContams_353,20.927106782170007,70.75516697244697
epigenomics_242_filterContams_354,18.26051273895694,63.005672889481055
epigenomics_242_filterContams_355,22.487217432659676,70.89841855769701
epigenomics_242_filterContams_356,21.687020632466755,67.4268999981884
epigenomics_242_filterContams_357,22.34315226666088,60.590860632809374
epigenomics_242_filterContams_358,19.75059901315449,56.983926915834374
epigenomics_242_filterContams_359,19.077621159512375,71.32505441920016
epigenomics_242_filterContams_360,15.721598267498171,69.70048575432217
epigenomics_242_filterContams_361,19.88838222524191,59.44579956005272
epigenomics_242_filterContams_362,28.258511998666346,61.53285982021941
epigenomics_242_filterContams_363,22.325263765845353,65.91716584195152
epigenomics_242_filterContams_364,17.733195113953368,44.312967808309
epigenomics_242_filterContams_365,19.62163403319772,54.28746285164482
epigenomics_242_filterContams_366,22.982429082614182,61.5199343613788
epigenomics_242_filterContams_367,21.31406362619501,74.08151882776458
epigenomics_242_filterContams_368,17.55789533477362,60.080345678089266
epigenomics_242_filterContams_369,16.81706579123283,55.7933214488707
epigenomics_242_filterContams_370,21.564197567492922,76.59339894466592
epigenomics_242_filterContams_371,20.977626242237992,66.09049650605373
epigenomics_242_filterContams_372,18.060243204168916,73.67899023259345
epigenomics_242_filterContams_373,18.361762670304685,65.6667827518467
epigenomics_242_filterContams_374,19.89333050166095,75.87950829507625
epigenomics_242_filterContams_375,23.335387896091284,78.90805712568324
epigenomics_242_filterContams_376,18.99071866511472,63.94774002825345
epigenomics_242_filterContams_377,22.60614473259057,73.648616009355
epigenomics_242_filterContams_378,21.97820386156199,67.30670109252415
epigenomics_242_filterContams_379,19.218924469939058,62.132571788006906
epigenomics_242_filterContams_380,18.959274823867418,62.06968837199034
epigenomics_242_filterContams_381,16.947840850436926,78.50235032714907
epigenomics_242_filterContams_382,27.732691249323253,60.30236851504706
epigenomics_242_filterContams_383,20.588526314726526,70.31864715705139
epigenomics_242_filterContams_384,20.579339210542,67.32972715711229
epigenomics_242_filterContams_385,16.68294398349514,73.6044411786157
epigenomics_242_filterContams_386,26.338558895239423,71.69565712431464
epigenomics_242_filterContams_387,20.200634679428727,60.19362860384231
epigenomics_242_filterContams_388,25.224606099113664,58.58345617727855
epigenomics_242_filterContams_389,22.50932735008388,56.64323752401089
epigenomics_242_filterContams_390,17.70378896435468,67.3522355787667
epigenomics_242_filterContams_391,21.346768816972066,69.33724933385783
epigenomics_242_filterContams_392,18.447130717062336,74.28987919829909
epigenomics_242_filterContams_393,20.075614299473262,59.84691662387463
epigenomics_242_filterContams_394,22.05317794957073,58.3919953272881
epigenomics_242_filterContams_395,22.665689658680982,60.30693084838676
epigenomics_242_filterContams_396,19.1845795265677,73.05223071568984
epigenomics_242_filterContams_397,16.342926210741304,58.52693792294612
epigenomics_242_filterContams_398,19.60663384658564,65.03292341778575
epigenomics_242_filterContams_399,20.70232257340473,70.51967932959482
epigenomics_242_filterContams_400,17.69703503828692,71.9987000563778
epigenomics_242_filterContams_401,19.88628544356758,65.68943039254727
epigenomics_242_filterContams_402,20.3962687832489,63.30096187677898
epigenomics_242_filterContams_403,19.468762548400456,65.01996078022242
epigenomics_242_filterContams_404,19.20730508279615,58.98595038631082
epigenomics_242_filterContams_405,20.52556153390865,62.74711409545551
epigenomics_242_filterContams_406,16.045103043663165,66.19623029666269
epigenomics_242_filterContams_407,19.911668760817758,75.32863334279853
epigenomics_242_filterContams_408,15.241774386790699,60.146528147775385
epigenomics_242_filterContams_409,24.504787384321595,76.0233740572643
epigenomics_242_filterContams_410,19.920179729227023,81.08189000559693
epigenomics_242_filterContams_411,22.66269901825187,63.29522298388191
epigenomics_242_filterContams_412,24.978355361620387,67.20475042675167
epigenomics_242_filterContams_413,18.382604663668733,64.36114466162833
epigenomics_242_filterContams_414,25.88648073066647,77.5927821196726
epigenomics_242_filterContams_415,18.756593963270095,66.13500817066456
epigenomics_242_filterContams_416,18.31223610210288,53.54957183248761
epigenomics_242_filterContams_417,19.72197114895914,72.96306770744714
epigenomics_242_filterContams_418,15.121583316213997,76.42290201967232
epigenomics_242_filterContams_419,21.32594760025603,68.45977215921299
epigenomics_242_filterContams_420,14.878638579845884,74.43475874009687
epigenomics_242_filterContams_421,26.710230895914364,70.0475256232485
epigenomics_242_filterContams_422,19.45840581345333,68.06482934856675
epigenomics_242_filterContams_423,22.38346165715086,58.539699286146245
epigenomics_242_filterContams_424,24.504141340372822,68.93460571265567
epigenomics_242_filterContams_425,17.446177527666492,60.719130724659585
epigenomics_242_filterContams_426,19.819667567350127,49.59518579611854
epigenomics_242_filterContams_427,16.47553133843883,69.12301456871205
epigenomics_242_filterContams_428,19.823927233866463,67.8110932601024
epigenomics_242_filterContams_429,16.85410392950974,54.09458787946364
epigenomics_242_filterContams_430,18.008006877809237,63.80246882719775
epigenomics_242_filterContams_431,25.00651144618911,63.8291393149721
epigenomics_242_filterContams_432,18.01637695108377,63.48205882699061
epigenomics_242_filterContams_433,15.168286571465597,80.39872078458428
epigenomics_242_filterContams_434,20.161137644497032,64.50145549868475
epigenomics_242_filterContams_435,14.53913859162743,53.689847738677955
epigenomics_242_filterContams_436,9.819491066520765,64.07813423367443
epigenomics_242_filterContams_437,19.83921584565904,62.74314206833549
epigenomics_242_filterContams_438,20.11428332858652,68.81220777890697
epigenomics_242_filterContams_439,15.848433403849548,55.732219376233125
epigenomics_242_filterContams_440,18.6393565364339,76.41134149291881
epigenomics_242_filterContams_441,24.10631244366398,71.50333413231485
epigenomics_242_filterContams_442,20.74068449231785,68.50480348104517
epigenomics_242_filterContams_443,17.73143320546793,63.29345498492857
epigenomics_242_filterContams_444,18.551798289930616,56.212339396747936
epigenomics_242_filterContams_445,22.068568255129332,64.74774449108315
epigenomics_242_filterContams_446,19.436214945824087,70.70782194237394
epigenomics_242_filterContams_447,26.864289213447435,68.58566538455149
epigenomics_242_filterContams_448,21.070096110464462,51.391132558616704
epigenomics_242_filterContams_449,18.934975834398962,65.0901169607313
epigenomics_242_filterContams_450,24.34225698056753,75.60373997343439
epigenomics_242_filterContams_451,19.39515125685043,70.88588009373707
epigenomics_242_filterContams_452,25.1266943307852,65.99257355760308
epigenomics_242_filterContams_453,18.335859463963857,51.70195777390897
epigenomics_242_filterContams_454,12.91033038895391,67.09342776035194
epigenomics_242_filterContams_455,19.155334582605697,62.35679661533089
epigenomics_242_filterContams_456,21.346869898487085,73.12738101003802
epigenomics_242_filterContams_457,22.153986173308557,64.41150377230558
epigenomics_242_filterContams_458,23.341681858049906,75.06942123077529
epigenomics_242_filterContams_459,16.856768347633565,65.73039227572723
epigenomics_242_filterContams_460,16.078612610344997,72.07663830672595
epigenomics_242_filterContams_461,22.0132394315656,67.83204126191207
epigenomics_242_filterContams_462,20.52965658511889,63.64183527306856
epigenomics_242_filterContams_463,16.026512180951244,56.22328965193812
epigenomics_242_filterContams_464,21.201843261060205,61.06575335232803
epigenomics_242_filterContams_465,19.290846834928416,74.97771136815464
epigenomics_242_filterContams_466,16.58870969738712,69.31857810711428
epigenomics_242_filterContams_467,21.2297992891829,63.39144749793608
epigenomics_242_filterContams_468,21.329219123111564,53.440327670125924
epigenomics_242_filterContams_469,20.97992569216327,62.42285793229188
epigenomics_242_filterContams_470,25.712984219900655,74.09116519983064
epigenomics_242_filterContams_471,18.4592241713389,60.76880857728084
epigenomics_242_filterContams_472,21.180623770555982,74.1162856399943
epigenomics_242_filterContams_473,18.94672483269814,72.8752302232941
epigenomics_242_filterContams_474,19.220478352951474,72.82368690573347
epigenomics_242_filterContams_475,21.115239220574537,67.47731804754457
epigenomics_242_filterContams_476,24.76281310426558,63.10405990867725
epigenomics_242_filterContams_477,19.22328331627652,73.64575657455113
epigenomics_242_filterContams_478,23.98375664864582,69.19783357957829
epigenomics_242_filterContams_479,18.165093983193778,61.03472952805359
epigenomics_242_filterContams_480,17.50075262984076,68.53003751187885
epigenomics_242_filterContams_481,21.014683103932196,74.43050786785955
epigenomics_242_filterContams_482,20.32458406576016,65.68233513783662
epigenomics_242_filterContams_483,22.557015334492615,72.04559207853664
epigenomics_242_filterContams_484,15.518976836327141,76.28228041203829
epigenomics_242_filterContams_485,24.06908781478584,67.2535979047197
epigenomics_242_filterContams_486,20.845223094170773,64.90112603539309
epigenomics_242_filterContams_487,17.16119469660831,73.66619125090381
epigenomics_242_filterContams_488,23.21088594524959,76.03239603091862
epigenomics_242_filterContams_489,16.459681588730394,63.36010687585101
epigenomics_242_filterContams_490,19.17827520685478,61.755374055027914
epigenomics_242_filterContams_491,24.671397819067707,70.00856149865615
epigenomics_242_filterContams_492,21.080737399311445,68.08019795656564
epigenomics_242_filterContams_493,16.76031127974152,63.51109873085649
epigenomics_242_filterContams_494,20.963625482812112,75.9250921665795
epigenomics_242_filterContams_495,17.78255975863942,63.556749003377014
epigenomics_242_filterContams_496,14.746261978948338,72.16103796831662
epigenomics_242_filterContams_497,22.474218639997176,66.65431929928103
epigenomics_242_filterContams_498,19.520975659412763,69.38222459626303
epigenomics_242_filterContams_499,18.295471733517058,53.62558910008613
epigenomics_242_sol2sanger_0,78.48251884020195,59.374986709380025
epigenomics_242_sol2sanger_1,79.67527725645805,35.576803231896946
epigenomics_242_sol2sanger_2,82.00289822981975,50.42197250869851
epigenomics_242_sol2sanger_3,78.87969744837638,52.4269646896984
epigenomics_242_sol2sanger_4,81.33288518938775,48.97032929663787
epigenomics_242_sol2sanger_5,75.03844495355854,42.81626169791464
epigenomics_242_sol2sanger_6,86.98693243169943,41.55942889332078
epigenomics_242_sol2sanger_7,86.06056726063282,42.03490883710775
epigenomics_242_sol2sanger_8,78.30297547035255,55.86583143929161
epigenomics_242_sol2sanger_9,85.48840914050116,31.728195252139706
epigenomics_242_sol2sanger_10,78.38834871622174,37.67862727745446
epigenomics_242_sol2sanger_11,77.21924334758023,56.50817130352061
epigenomics_242_sol2sanger_12,79.57490965300617,54.40715591451014
epigenomics_242_sol2sanger_13,75.51964448678156,48.84310422968516
epigenomics_242_sol2sanger_14,86.33919297063295,67.5601413921362
epigenomics_242_sol2sanger_15,82.34391299840865,48.96244920012572
epigenomics_242_sol2sanger_16,82.01764285388539,44.96025284269133
epigenomics_242_sol2sanger_17,82.50560857402093,42.62976541107688
epigenomics_242_sol2sanger_18,78.36789754648551,60.27664435009558
epigenomics_242_sol2sanger_19,77.93738378545561,46.149933056028374
epigenomics_242_sol2sanger_20,80.75456413659457,58.55372102123582
epigenomics_242_sol2sanger_21,77.65059984863126,42.39971023452587
epigenomics_242_sol2sanger_22,80.29985845298084,56.844307627096896
epigenomics_242_sol2sanger_23,77.8521755817473,46.23703745976674
epigenomics_242_sol2sanger_24,77.81477473273833,46.70100663573045
epigenomics_242_sol2sanger_25,82.49769289889953,54.758098591273495
epigenomics_242_sol2sanger_26,84.11945019804554,57.42467183026749
epigenomics_242_sol2sanger_27,81.43177658970787,41.297117155535695
epigenomics_242_sol2sanger_28,74.9699482211089,52.57477404834502
epigenomics_242_sol2sanger_29,79.37636315254366,49.65697712163452
epigenomics_242_sol2sanger_30,77.89101390213082,49.06820577532217
epigenomics_242_sol2sanger_31,81.22631623240312,60.4195016705032
epigenomics_242_sol2sanger_32,83.22066712707033,48.69508076808974
epigenomics_242_sol2sanger_33,81.21246651022378,37.27517804463464
epigenomics_242_sol2sanger_34,82.5577662610732,43.1548628842115
epigenomics_242_sol2sanger_35,85.64608618413801,50.88880171789505
epigenomics_242_sol2sanger_36,75.11245484613501,52.85111160174226
epigenomics_242_sol2sanger_37,82.09000221444097,39.87886229397251
epigenomics_242_sol2sanger_38,70.86257991434057,48.59582614268152
epigenomics_242_sol2sanger_39,79.97765789469013,56.15373031614606
epigenomics_242_sol2sanger_40,66.89758520876683,37.34892479440655
epigenomics_242_sol2sanger_41,82.25101218561001,38.78110241380028
epigenomics_242_sol2sanger_42,81.51096348724943,51.05097507626391
epigenomics_242_sol2sanger_43,76.09642950445978,49.180535919201915
epigenomics_242_sol2sanger_44,80.15160176796579,35.139941366176814
epigenomics_242_sol2sanger_45,83.0555227499949,29.22926945940801
epigenomics_242_sol2sanger_46,74.97447438469858,42.2091115829422
epigenomics_242_sol2sanger_47,74.86584075912046,45.81032334947122
epigenomics_242_sol2sanger_48,85.52623179269,35.49154014816004
epigenomics_242_sol2sanger_49,79.39050332318992,44.71708080984569
epigenomics_242_sol2sanger_50,86.82113678375546,37.94446548821682
epigenomics_242_sol2sanger_51,75.93594909094165,40.4571327110224
epigenomics_242_sol2sanger_52,69.94372239254388,44.362664005289076
epigenomics_242_sol2sanger_53,85.54324579331772,46.36995186714834
epigenomics_242_sol2sanger_54,78.18946290106462,64.93176711551155
epigenomics_242_sol2sanger_55,84.70786536349576,47.557367171437505
epigenomics_242_sol2sanger_56,75.15546304390766,41.4877263050276
epigenomics_242_sol2sanger_57,83.49233978800594,38.42212158557419
epigenomics_242_sol2sanger_58,71.37138677662364,49.81755679475417
epigenomics_242_sol2sanger_59,84.64987496523017,50.16677877971821
epigenomics_242_sol2sanger_60,73.69897900048716,43.20453987593076
epigenomics_242_sol2sanger_61,92.17005357470748,43.4853963727326
epigenomics_242_sol2sanger_62,78.53502017144261,58.622050114621985
epigenomics_242_sol2sanger_63,86.06229949787654,35.55913675180519
epigenomics_242_sol2sanger_64,80.0076440914787,36.239095397260066
epigenomics_242_sol2sanger_65,72.62756096578889,44.08539519224023
epigenomics_242_sol2sanger_66,81.08337165436399,48.74279791433197
epigenomics_242_sol2sanger_67,79.2787719486576,61.77052258570346
epigenomics_242_sol2sanger_68,79.20731541447549,33.80440795119025
epigenomics_242_sol2sanger_69,73.73165499313222,41.53692511671364
epigenomics_242_sol2sanger_70,73.06910181960205,47.10084675020735
epigenomics_242_sol2sanger_71,78.69071476137341,43.96935208180915
epigenomics_242_sol2sanger_72,69.3446543752364,38.61801974330731
epigenomics_242_sol2sanger_73,79.68215691627178,51.88599882106567
epigenomics_242_sol2sanger_74,76.88412980961175,42.28424658367018
epigenomics_242_sol2sanger_75,76.86012234326705,43.80627801877355
epigenomics_242_sol2sanger_76,75.33222575638666,53.15702773388513
epigenomics_242_sol2sanger_77,75.63905963771234,43.63241710192584
epigenomics_242_sol2sanger_78,82.22499907590262,39.982070724703114
epigenomics_242_sol2sanger_79,76.20225191445084,47.47059595248163
epigenomics_242_sol2sanger_80,82.56548523190729,51.72822565899631
epigenomics_242_sol2sanger_81,76.24628962795036,55.6939623976607
epigenomics_242_sol2sanger_82,77.63906314428098,39.919706351812096
epigenomics_242_sol2sanger_83,86.40821354384323,49.244024924945435
epigenomics_242_sol2sanger_84,84.16386389960027,46.99499782389746
epigenomics_242_sol2sanger_85,64.15232805540276,50.18989609180701
epigenomics_242_sol2sanger_86,85.4168296285586,51.46608912533759
epigenomics_242_sol2sanger_87,84.37587073445165,46.08819333023293
epigenomics_242_sol2sanger_88,75.62392600492524,34.77752694957291
epigenomics_242_sol2sanger_89,87.49853800036604,43.252264812167795
epigenomics_242_sol2sanger_90,79.87380890564984,39.227865786050174
epigenomics_242_sol2sanger_91,80.28971655933042,41.63478936672118
epigenomics_242_sol2sanger_92,78.64736393879197,40.406136183963156
epigenomics_242_sol2sanger_93,75.7881432400726,50.554720702082484
epigenomics_242_sol2sanger_94,86.61600106715485,48.08216407831192
epigenomics_242_sol2sanger_95,76.84444154581065,51.365154309352924
epigenomics_242_sol2sanger_96,74.74404381334276,37.95337960799998
epigenomics_242_sol2sanger_97,75.10778737701197,32.84989365012994
epigenomics_242_sol2sanger_98,71.35078581484136,36.356058328353726
epigenomics_242_sol2sanger_99,81.17064873618212,32.59388806514821
epigenomics_242_sol2sanger_100,72.56803526582215,39.76873447448586
epigenomics_242_sol2sanger_101,91.8676213699845,49.16476193642946
epigenomics_242_sol2sanger_102,74.38975512583858,48.98081123079819
epigenomics_242_sol2sanger_103,79.13544734663427,28.721835238359187
epigenomics_242_sol2sanger_104,78.24195058215938,48.74001980999506
epigenomics_242_sol2sanger_105,78.17430150013685,45.547064939940554
epigenomics_242_sol2sanger_106,84.60387399939424,34.72070662146707
epigenomics_242_sol2sanger_107,89.67954980282913,41.921434818941044
epigenomics_242_sol2sanger_108,89.15660913660876,47.12904160091276
epigenomics_242_sol2sanger_109,81.8050416234391,43.98657641356853
epigenomics_242_sol2sanger_110,84.38811662963013,53.15591732770554
epigenomics_242_sol2sanger_111,91.51350877808346,33.88069091415053
epigenomics_242_sol2sanger_112,79.91971677098883,43.56257462297836
epigenomics_242_sol2sanger_113,79.95481431652595,45.79082990814864
epigenomics_242_sol2sanger_114,84.78465861430115,47.251182882044766
epigenomics_242_sol2sanger_115,78.61401573769608,50.78002864454024
epigenomics_242_sol2sanger_116,89.11079903284704,36.389484299108695
epigenomics_242_sol2sanger_117,75.04754661866511,35.33466978490863
epigenomics_242_sol2sanger_118,79.95262705081927,46.51578449953673
epigenomics_242_sol2sanger_119,84.35519603914821,51.39137505797456
epigenomics_242_sol2sanger_120,77.72770493780621,39.504114032620095
epigenomics_242_sol2sanger_121,81.0569745156528,45.47112877523314
epigenomics_242_sol2sanger_122,72.76341678806679,57.00353795681326
epigenomics_242_sol2sanger_123,85.36567098519154,38.85987406416707
epigenomics_242_sol2sanger_124,81.47247913650565,35.25031945445427
epigenomics_242_sol2sanger_125,79.20584424300152,48.93133124715452
epigenomics_242_sol2sanger_126,76.26207665749727,49.852408210906454
epigenomics_242_sol2sanger_127,73.55224319053679,35.51750392642099
epigenomics_242_sol2sanger_128,80.1396306181785,57.71327454671661
epigenomics_242_sol2sanger_129,82.19232572747732,37.314205140711906
epigenomics_242_sol2sanger_130,78.42083922047557,58.922493712014074
epigenomics_242_sol2sanger_131,84.99220794892756,34.483510335770106
epigenomics_242_sol2sanger_132,86.8562846797729,51.5176306068372
epigenomics_242_sol2sanger_133,76.47172632093093,45.4328423709912
epigenomics_242_sol2sanger_134,85.49147141913673,59.06315411923446
epigenomics_242_sol2sanger_135,83.73431821143527,48.22557299425626
epigenomics_242_sol2sanger_136,78.04156768362087,49.31882092589855
epigenomics_242_sol2sanger_137,85.07697598455522,43.40413368808786
epigenomics_242_sol2sanger_138,76.56696547273366,50.87887422086233
epigenomics_242_sol2sanger_139,82.90365438377253,49.537218789876206
epigenomics_242_sol2sanger_140,79.10990661574891,42.042868583673396
epigenomics_242_sol2sanger_141,77.5518739405745,46.12725763616166
epigenomics_242_sol2sanger_142,87.45424031931181,39.8524233350996
epigenomics_242_sol2sanger_143,74.76825116360651,56.15283363756244
epigenomics_242_sol2sanger_144,78.1705781305971,39.5953536444487
epigenomics_242_sol2sanger_145,82.42997647561333,50.85660838250562
epigenomics_242_sol2sanger_146,78.26002304890693,22.7765122232702
epigenomics_242_sol2sanger_147,69.42062113331349,53.84904885212368
epigenomics_242_sol2sanger_148,78.1903640173719,57.40328567955114
epigenomics_242_sol2sanger_149,68.10184705457577,47.052980070919425
epigenomics_242_sol2sanger_150,74.43491524517313,49.86300095458639
epigenomics_242_sol2sanger_151,78.02074876875984,44.46319316796799
epigenomics_242_sol2sanger_152,75.71475659245814,28.316724016687527
epigenomics_242_sol2sanger_153,79.90350648659856,47.182823934372756
epigenomics_242_sol2sanger_154,74.06283813256252,39.02299897458477
epigenomics_242_sol2sanger_155,77.69943757359339,48.593319521287604
epigenomics_242_sol2sanger_156,82.18071584289721,49.158216283643284
epigenomics_242_sol2sanger_157,75.66140350922633,37.403927953655476
epigenomics_242_sol2sanger_158,75.01012741782968,53.24661829395645
epigenomics_242_sol2sanger_159,83.36066272868065,47.46299699443059
epigenomics_242_sol2sanger_160,85.64270852365628,48.94130600939054
epigenomics_242_sol2sanger_161,96.49822993415683,54.98573573689269
epigenomics_242_sol2sanger_162,69.75949980188578,56.50235098612364
epigenomics_242_sol2sanger_163,88.88097279333353,55.15602709759084
epigenomics_242_sol2sanger_164,81.4351638367365,41.90165597569333
epigenomics_242_sol2sanger_165,71.51731856102822,54.58690802521918
epigenomics_242_sol2sanger_166,72.48953730167095,46.7738752491467
epigenomics_242_sol2sanger_167,87.26844243180463,35.66967614821607
epigenomics_242_sol2sanger_168,75.33963933407702,61.462466972252386
epigenomics_242_sol2sanger_169,84.46591472938411,59.72167243760908
epigenomics_242_sol2sanger_170,83.59040933474293,39.5820790547337
epigenomics_242_sol2sanger_171,84.01285313444717,32.48027772170909
epigenomics_242_sol2sanger_172,73.00339401419754,44.844638932598166
epigenomics_242_sol2sanger_173,75.10183237153764,43.29012590157954
epigenomics_242_sol2sanger_174,66.49239641965188,35.92108511573417
epigenomics_242_sol2sanger_175,78.6822823472442,52.031611425694074
epigenomics_242_sol2sanger_176,85.92531712822584,56.744122868451946
epigenomics_242_sol2sanger_177,84.44686593787944,50.980028490344154
epigenomics_242_sol2sanger_178,74.46870463902752,35.787965970922706
epigenomics_242_sol2sanger_179,77.97081353288192,45.6095427735177
epigenomics_242_sol2sanger_180,80.25648721399124,54.5083615951184
epigenomics_242_sol2sanger_181,75.05712447370095,62.85024627511797
epigenomics_242_sol2sanger_182,69.40997808093628,49.324323950605006
epigenomics_242_sol2sanger_183,79.03065835337465,40.8823988206763
epigenomics_242_sol2sanger_184,76.71151835906365,46.41418082875068
epigenomics_242_sol2sanger_185,72.0234239164815,37.11479981137447
epigenomics_242_sol2sanger_186,80.9264559654814,44.89346468439157
epigenomics_242_sol2sanger_187,80.84561178050821,29.359788223144527
epigenomics_242_sol2sanger_188,78.207694935961,47.02590536565816
epigenomics_242_sol2sanger_189,86.25186723315446,47.86875026818441
epigenomics_242_sol2sanger_190,84.83699219878285,40.786197491131496
epigenomics_242_sol2sanger_191,79.80885892441734,51.67967818339683
epigenomics_242_sol2sanger_192,84.70335508243213,52.64342248304648
epigenomics_242_sol2sanger_193,75.58270293593732,30.756634993057872
epigenomics_242_sol2sanger_194,74.46664772791996,46.363403572125016
epigenomics_242_sol2sanger_195,83.25692295941332,50.308374709629256
epigenomics_242_sol2sanger_196,78.55305020127503,48.97742214608098
epigenomics_242_sol2sanger_197,77.79950500598027,54.03628606248169
epigenomics_242_sol2sanger_198,83.70373295632015,44.79804216514372
epigenomics_242_sol2sanger_199,79.85472843175523,50.46040157510279
epigenomics_242_sol2sanger_200,84.5714956396529,46.2409406857436
epigenomics_242_sol2sanger_201,84.12923357688744,52.37395622015729
epigenomics_242_sol2sanger_202,77.08006844695636,43.20768046306414
epigenomics_242_sol2sanger_203,78.71899223531607,34.27324509493242
epigenomics_242_sol2sanger_204,71.06986894925024,36.550145119205226
epigenomics_242_sol2sanger_205,80.95640135848382,42.951194489726895
epigenomics_242_sol2sanger_206,73.70757104988307,53.39940867824034
epigenomics_242_sol2sanger_207,83.76686256710404,58.1701948287326
epigenomics_242_sol2sanger_208,87.58608058138556,33.353760313313224
epigenomics_242_sol2sanger_209,79.83697950805764,56.05378580867658
epigenomics_242_sol2sanger_210,75.44782547462111,52.98617799526255
epigenomics_242_sol2sanger_211,85.47667754407365,39.66111651035918
epigenomics_242_sol2sanger_212,76.56151681296534,40.65399639212801
epigenomics_242_sol2sanger_213,73.97439245380536,54.99035945244667
epigenomics_242_sol2sanger_214,85.39577727299796,44.74697721004338
epigenomics_242_sol2sanger_215,76.40971832929986,47.161571913637204
epigenomics_242_sol2sanger_216,82.80440239927512,43.254940120110795
epigenomics_242_sol2sanger_217,77.0147216048245,35.873307286011794
epigenomics_242_sol2sanger_218,83.16874807276247,59.34101789660225
epigenomics_242_sol2sanger_219,80.88539014124055,30.18943595211551
epigenomics_242_sol2sanger_220,87.79501142705723,58.78997471523669
epigenomics_242_sol2sanger_221,87.01829889258794,56.758087900218435
epigenomics_242_sol2sanger_222,81.21691740470372,57.306026737252054
epigenomics_242_sol2sanger_223,83.11152241954254,57.03737104539648
epigenomics_242_sol2sanger_224,74.05725451349387,34.193626434151426
epigenomics_242_sol2sanger_225,80.46950070865216,36.620630290253125
epigenomics_242_sol2sanger_226,81.5659766647778,29.99526800087468
epigenomics_242_sol2sanger_227,80.2022064768116,57.732207846408436
epigenomics_242_sol2sanger_228,83.29117635960056,51.45163980306039
epigenomics_242_sol2sanger_229,79.16398615023293,40.01662394191843
epigenomics_242_sol2sanger_230,83.98575569736771,41.55532744367606
epigenomics_242_sol2sanger_231,79.46074398646316,43.7003740582831
epigenomics_242_sol2sanger_232,82.65925541199243,40.356347964013544
epigenomics_242_sol2sanger_233,83.98875456611549,47.789194475885914
epigenomics_242_sol2sanger_234,79.1050843053241,38.60587971115338
epigenomics_242_sol2sanger_235,86.2929967009592,35.56889816845067
epigenomics_242_sol2sanger_236,85.31840245679881,44.65801727979288
epigenomics_242_sol2sanger_237,75.98297309534425,40.70508047559535
epigenomics_242_sol2sanger_238,79.55670288835162,32.252629131134114
epigenomics_242_sol2sanger_239,71.40580500743147,39.66012450584739
epigenomics_242_sol2sanger_240,69.68647054881777,24.653766288576065
epigenomics_242_sol2sanger_241,75.03097113992683,58.146612084846936
epigenomics_242_sol2sanger_242,83.77518430134529,46.82715851164893
epigenomics_242_sol2sanger_243,84.35043452601515,45.33501619122125
epigenomics_242_sol2sanger_244,76.25214843144242,49.907679445128
epigenomics_242_sol2sanger_245,73.21987160250752,51.32980073891738
epigenomics_242_sol2sanger_246,76.19395942954819,45.04213108662716
epigenomics_242_sol2sanger_247,75.41489261492192,32.68320266414652
epigenomics_242_sol2sanger_248,73.7575987908113,38.236271046564326
epigenomics_242_sol2sanger_249,86.91673842072653,53.726586444866115
epigenomics_242_sol2sanger_250,83.94312715133847,39.76265289554363
epigenomics_242_sol2sanger_251,81.70234688563274,46.1658410538945
epigenomics_242_sol2sanger_252,83.84537929085602,43.580952589683484
epigenomics_242_sol2sanger_253,84.54100541948061,38.05635830268819
epigenomics_242_sol2sanger_254,80.96531202476194,38.23339390505202
epigenomics_242_sol2sanger_255,79.09756116822393,56.592350522974534
epigenomics_242_sol2sanger_256,85.30704003854937,48.40904622357089
epigenomics_242_sol2sanger_257,82.51500706483688,54.49843201084679
epigenomics_242_sol2sanger_258,71.4979926266043,40.60538397773222
epigenomics_242_sol2sanger_259,78.62989287432359,59.19837599296453
epigenomics_242_sol2sanger_260,80.28863364782966,55.64730517762394
epigenomics_242_sol2sanger_261,74.42891597915693,33.0657664457208
epigenomics_242_sol2sanger_262,84.11879047484958,34.098550886860096
epigenomics_242_sol2sanger_263,81.86076006036816,30.050505542258485
epigenomics_242_sol2sanger_264,75.21334512382516,43.57888340753418
epigenomics_242_sol2sanger_265,82.32798054715181,49.75286169665546
epigenomics_242_sol2sanger_266,79.2709472159891,42.00724227671663
epigenomics_242_sol2sanger_267,83.49832202298518,42.86437473168281
epigenomics_242_sol2sanger_268,67.84533312528445,34.595456144088125
epigenomics_242_sol2sanger_269,80.08735121115902,49.972963597614374
epigenomics_242_sol2sanger_270,84.11161077667201,41.288610718715006
epigenomics_242_sol2sanger_271,74.03200204793976,24.347612555662263
epigenomics_242_sol2sanger_272,85.50893925411192,49.64385120863184
epigenomics_242_sol2sanger_273,80.43168601668737,25.209366600326543
epigenomics_242_sol2sanger_274,80.14347820793894,43.08967926125901
epigenomics_242_sol2sanger_275,80.77792659089926,53.30377509706365
epigenomics_242_sol2sanger_276,72.65682217679746,44.034359968813156
epigenomics_242_sol2sanger_277,72.50575732459754,44.05041604758572
epigenomics_242_sol2sanger_278,76.51489304415068,51.16208475716782
epigenomics_242_sol2sanger_279,71.78481286576681,38.99621760239799
epigenomics_242_sol2sanger_280,71.79371042891626,41.62250428666549
epigenomics_242_sol2sanger_281,77.12019198299524,45.1234444621339
epigenomics_242_sol2sanger_282,81.60253373252873,40.8563930477771
epigenomics_242_sol2sanger_283,73.30764454843425,40.096921131482745
epigenomics_242_sol2sanger_284,77.39533439159977,39.69331826040195
epigenomics_242_sol2sanger_285,79.98777021288963,50.23492964074148
epigenomics_242_sol2sanger_286,79.61444423580973,31.976602464250007
epigenomics_242_sol2sanger_287,81.10153879448566,39.33008516248025
epigenomics_242_sol2sanger_288,70.06709910258007,47.25130545313997
epigenomics_242_sol2sanger_289,78.93115242892367,50.603013991117386
epigenomics_242_sol2sanger_290,78.28061742198939,34.05016381668413
epigenomics_242_sol2sanger_291,78.18985277866605,51.058224546030935
epigenomics_242_sol2sanger_292,82.38365927125678,44.33369255041468
epigenomics_242_sol2sanger_293,81.5345050333863,48.08765054154258
epigenomics_242_sol2sanger_294,69.48557745269599,44.52532683296663
epigenomics_242_sol2sanger_295,78.28094887944519,41.0660759866001
epigenomics_242_sol2sanger_296,73.73350001201113,46.89704370269047
epigenomics_242_sol2sanger_297,76.19453756551852,28.502196388550384
epigenomics_242_sol2sanger_298,83.6330649923266,51.44968672427245
epigenomics_242_sol2sanger_299,76.01704011403055,58.057003774677504
epigenomics_242_sol2sanger_300,87.39175866235125,51.30661908091943
epigenomics_242_sol2sanger_301,85.85854757079902,35.82450874920539
epigenomics_242_sol2sanger_302,74.13876334037151,49.946159112401794
epigenomics_242_sol2sanger_303,75.80309519516038,41.483288507288435
epigenomics_242_sol2sanger_304,85.2485857549817,61.97037678020773
epigenomics_242_sol2sanger_305,86.78259235079095,45.92110883376149
epigenomics_242_sol2sanger_306,78.06478449546016,23.951809545739614
epigenomics_242_sol2sanger_307,87.76017381561323,40.253116754556174
epigenomics_242_sol2sanger_308,82.0845598092647,58.064295214785666
epigenomics_242_sol2sanger_309,78.51302154265406,42.616956710185285
epigenomics_242_sol2sanger_310,81.05242179968599,41.997104590625476
epigenomics_242_sol2sanger_311,76.16442248441254,43.276724009132906
epigenomics_242_sol2sanger_312,87.84847352667579,48.03495434925078
epigenomics_242_sol2sanger_313,78.74604590479838,49.95211367344305
epigenomics_242_sol2sanger_314,77.00248969563339,50.53506244550838
epigenomics_242_sol2sanger_315,83.42926660439893,49.005028295315725
epigenomics_242_sol2sanger_316,69.73884935635715,34.0904750819606
epigenomics_242_sol2sanger_317,81.78670746718332,52.352532351021416
epigenomics_242_sol2sanger_318,84.45198012531134,49.664293901974645
epigenomics_242_sol2sanger_319,89.7497639619272,37.918485185712065
epigenomics_242_sol2sanger_320,75.85270821846913,46.07585059823744
epigenomics_242_sol2sanger_321,82.92588080770196,47.09191798200009
epigenomics_242_sol2sanger_322,85.36492724897641,43.05160148174542
epigenomics_242_sol2sanger_323,78.86197721939074,43.68009327984961
epigenomics_242_sol2sanger_324,68.99369783767179,35.8769433093763
epigenomics_242_sol2sanger_325,80.37163489516296,49.007496543449676
epigenomics_242_sol2sanger_326,76.30569579334079,54.31657200054069
epigenomics_242_sol2sanger_327,75.60694091268304,41.70129933153228
epigenomics_242_sol2sanger_328,82.01827930419101,27.585707127645115
epigenomics_242_sol2sanger_329,80.81630060258854,35.847147539445075
epigenomics_242_sol2sanger_330,74.90538301850879,19.057726569473072
epigenomics_242_sol2sanger_331,80.71590983821245,43.75254744605851
epigenomics_242_sol2sanger_332,85.76271154130384,44.462484065594516
epigenomics_242_sol2sanger_333,92.32825092035809,40.1936952368053
epigenomics_242_sol2sanger_334,72.56628818911035,45.61874790689981
epigenomics_242_sol2sanger_335,84.31820510637722,40.793091040355904
epigenomics_242_sol2sanger_336,80.26520754817531,37.76354370568396
epigenomics_242_sol2sanger_337,84.60249454944363,40.51600965312673
epigenomics_242_sol2sanger_338,81.34737735026958,44.9014150720569
epigenomics_242_sol2sanger_339,87.58409112437518,29.8958758448774
epigenomics_242_sol2sanger_340,88.86546650540718,56.08265372183905
epigenomics_242_sol2sanger_341,70.48999589514032,41.497179686625685
epigenomics_242_sol2sanger_342,82.32062870753447,50.651491225871915
epigenomics_242_sol2sanger_343,79.26028262546374,46.86883409988822
epigenomics_242_sol2sanger_344,73.52530550196344,50.651104235953454
epigenomics_242_sol2sanger_345,85.8812727895032,37.03757384903442
epigenomics_242_sol2sanger_346,78.7321499671764,42.663769717385534
epigenomics_242_sol2sanger_347,86.94484218174286,32.142441234264766
epigenomics_242_sol2sanger_348,84.48194720793674,60.802249686533266
epigenomics_242_sol2sanger_349,76.10206666262744,45.96685469442746
epigenomics_242_sol2sanger_350,87.949012345805,54.551917767821394
epigenomics_242_sol2sanger_351,77.85489151770858,29.53554261337133
epigenomics_242_sol2sanger_352,72.45966413460118,51.53508880597803
epigenomics_242_sol2sanger_353,76.27243733036474,54.085214241539504
epigenomics_242_sol2sanger_354,78.37108073275597,41.78096639360766
epigenomics_242_sol2sanger_355,77.70551569222562,44.66929857953703
epigenomics_242_sol2sanger_356,78.92332101975114,27.010896297790232
epigenomics_242_sol2sanger_357,75.4977064498063,43.73756239137318
epigenomics_242_sol2sanger_358,84.35291303215811,45.259492979219445
epigenomics_242_sol2sanger_359,75.29394070107571,58.77134657095134
epigenomics_242_sol2sanger_360,79.95089949033799,46.956054746600806
epigenomics_242_sol2sanger_361,82.8321990290033,26.40170702917434
epigenomics_242_sol2sanger_362,77.1480380270371,35.386445518833
epigenomics_242_sol2sanger_363,84.46735712541431,53.081069723509906
epigenomics_242_sol2sanger_364,71.29011617866803,48.919788239782484
epigenomics_242_sol2sanger_365,87.06451012184112,47.09131284663394
epigenomics_242_sol2sanger_366,84.37286345217657,60.13007146094322
epigenomics_242_sol2sanger_367,80.82377872949571,45.0065106635635
epigenomics_242_sol2sanger_368,84.37034916549601,63.41102706862223
epigenomics_242_sol2sanger_369,86.7319475274098,46.04984804743301
epigenomics_242_sol2sanger_370,81.76024608539103,49.38771900136969
epigenomics_242_sol2sanger_371,78.3335061784978,47.35478686019784
epigenomics_242_sol2sanger_372,70.55941522672961,48.681111389838385
epigenomics_242_sol2sanger_373,82.61271765542917,42.81894292339714
epigenomics_242_sol2sanger_374,74.80351937878353,47.59172120773487
epigenomics_242_sol2sanger_375,81.78478309335487,51.40178645835732
epigenomics_242_sol2sanger_376,75.6076191458299,48.49089148961129
epigenomics_242_sol2sanger_377,86.81312798726827,54.51678087943929
epigenomics_242_sol2sanger_378,87.42159408816526,61.900829443894565
epigenomics_242_sol2sanger_379,86.99108178285697,38.279273550230954
epigenomics_242_sol2sanger_380,75.46367304444775,51.21110463852098
epigenomics_242_sol2sanger_381,87.51750775190365,54.39734608350253
epigenomics_242_sol2sanger_382,85.86821830407402,46.83601544215952
epigenomics_242_sol2sanger_383,82.16084065284562,45.70527533857236
epigenomics_242_sol2sanger_384,79.54785996098325,52.67526725861549
epigenomics_242_sol2sanger_385,83.44692949367371,36.508298157263724
epigenomics_242_sol2sanger_386,70.25055548793028,49.77819820781721
epigenomics_242_sol2sanger_387,83.35021811627944,33.24188498708895
epigenomics_242_sol2sanger_388,81.35504685139728,39.16156380336606
epigenomics_242_sol2sanger_389,77.75729649652618,51.54998681995912
epigenomics_242_sol2sanger_390,84.9982796850475,47.29243165051063
epigenomics_242_sol2sanger_391,83.69854192687976,52.2775398145002
epigenomics_242_sol2sanger_392,76.99634956232858,43.714798070821764
epigenomics_242_sol2sanger_393,74.25482410250441,44.771038515479304
epigenomics_242_sol2sanger_394,79.25249653709938,35.41756151175651
epigenomics_242_sol2sanger_395,75.85427506018995,51.679618304735484
epigenomics_242_sol2sanger_396,76.49656947785073,40.07229613250163
epigenomics_242_sol2sanger_397,83.95702717567296,53.56763980152838
epigenomics_242_sol2sanger_398,86.91279980234215,50.16519170737316
epigenomics_242_sol2sanger_399,78.9539216058805,38.74783742838761
epigenomics_242_sol2sanger_400,75.29206179185536,51.06537798863458
epigenomics_242_sol2sanger_401,77.56390909462313,40.24468679980308
epigenomics_242_sol2sanger_402,77.83301616066743,37.3549902603402
epigenomics_242_sol2sanger_403,83.97668622929932,50.59785736584046
epigenomics_242_sol2sanger_404,79.40814295955727,44.56501540599494
epigenomics_242_sol2sanger_405,82.11492305265861,33.541685776582945
epigenomics_242_sol2sanger_406,82.1525699486115,60.22738781022798
epigenomics_242_sol2sanger_407,80.5484914344067,36.32790873920624
epigenomics_242_sol2sanger_408,75.81482585401618,41.576885985598494
epigenomics_242_sol2sanger_409,83.70448349426567,30.809605833148392
epigenomics_242_sol2sanger_410,84.40948895030924,47.77847626599703
epigenomics_242_sol2sanger_411,84.10702225121838,47.52045710480268
epigenomics_242_sol2sanger_412,80.54496881803372,41.91119731792048
epigenomics_242_sol2sanger_413,80.0175274777992,35.05399057754166
epigenomics_242_sol2sanger_414,88.03731394979972,52.21554591419015
epigenomics_242_sol2sanger_415,83.50344741567511,38.61441462165621
epigenomics_242_sol2sanger_416,83.20538140348695,43.671452146695
epigenomics_242_sol2sanger_417,77.62231928155558,32.701474245049724
epigenomics_242_sol2sanger_418,86.2212850925,43.61095949715706
epigenomics_242_sol2sanger_419,83.04233399645423,41.74400891212952
epigenomics_242_sol2sanger_420,77.23875134758558,34.17990556923934
epigenomics_242_sol2sanger_421,78.18912139785228,39.041740373463625
epigenomics_242_sol2sanger_422,88.31007395499525,44.04877398697373
epigenomics_242_sol2sanger_423,88.01907538625522,45.54332722449922
epigenomics_242_sol2sanger_424,71.92394601067758,51.112032233735334
epigenomics_242_sol2sanger_425,77.3029634921441,50.03500940752127
epigenomics_242_sol2sanger_426,78.70487478298088,37.83938686103623
epigenomics_242_sol2sanger_427,79.43332194548665,42.0650411709856
epigenomics_242_sol2sanger_428,70.66380189224847,51.491568382388444
epigenomics_242_sol2sanger_429,79.93633809230522,46.22439966493323
epigenomics_242_sol2sanger_430,64.42099509074538,38.07683787927212
epigenomics_242_sol2sanger_431,85.41051329344207,34.390786546880626
epigenomics_242_sol2sanger_432,86.71587044249385,46.883200599266324
epigenomics_242_sol2sanger_433,81.77250160323766,38.215292369790475
epigenomics_242_sol2sanger_434,84.73109494622254,51.85239940056964
epigenomics_242_sol2sanger_435,76.04215741466213,42.94940241690803
epigenomics_242_sol2sanger_436,76.07589382457921,46.017756017699085
epigenomics_242_sol2sanger_437,90.5660743803071,42.17648804853223
epigenomics_242_sol2sanger_438,81.71618344790782,52.30096607713187
epigenomics_242_sol2sanger_439,85.30501456070843,41.4027291542402
epigenomics_242_sol2sanger_440,83.22046259429075,39.481130680128736
epigenomics_242_sol2sanger_441,79.15216863493615,53.43234106005944
epigenomics_242_sol2sanger_442,82.07776003117576,49.6880367717394
epigenomics_242_sol2sanger_443,79.39195630025074,46.9580704945908
epigenomics_242_sol2sanger_444,83.30273816797286,57.35836378264419
epigenomics_242_sol2sanger_445,75.91617533325957,46.78799749142918
epigenomics_242_sol2sanger_446,88.33111118916989,50.985832524350705
epigenomics_242_sol2sanger_447,78.22092260068025,48.362807745437486
epigenomics_242_sol2sanger_448,84.57321405090923,55.05454574330878
epigenomics_242_sol2sanger_449,78.0451651709243,42.303387632860314
epigenomics_242_sol2sanger_450,78.49331833144666,38.03503370121103
epigenomics_242_sol2sanger_451,89.1262987961403,46.39563905244259
epigenomics_242_sol2sanger_452,81.94991985613673,42.790835457430795
epigenomics_242_sol2sanger_453,80.5216856602628,42.55965650114874
epigenomics_242_sol2sanger_454,80.25911947967404,49.52231203117195
epigenomics_242_sol2sanger_455,72.65297647210495,34.827854404785704
epigenomics_242_sol2sanger_456,77.82620638333835,40.42283189840869
epigenomics_242_sol2sanger_457,73.43345360168638,45.34351653553932
epigenomics_242_sol2sanger_458,80.17970498206206,54.097048650113265
epigenomics_242_sol2sanger_459,71.80269461036616,34.94620530242817
epigenomics_242_sol2sanger_460,77.78019399123917,63.5349552849397
epigenomics_242_sol2sanger_461,90.35497287634708,45.07188152901498
epigenomics_242_sol2sanger_462,76.02212927422408,45.6166631178907
epigenomics_242_sol2sanger_463,81.67319931492885,29.72317440101409
epigenomics_242_sol2sanger_464,78.69000465329417,48.0802927535516
epigenomics_242_sol2sanger_465,77.02811624995235,45.25418792121241
epigenomics_242_sol2sanger_466,87.72439531318227,27.557972882929107
epigenomics_242_sol2sanger_467,86.92295246451525,41.17981332565316
epigenomics_242_sol2sanger_468,77.97439817565265,48.84168537009584
epigenomics_242_sol2sanger_469,86.62286450041533,50.29026686625122
epigenomics_242_sol2sanger_470,77.09046003851711,44.06773174059018
epigenomics_242_sol2sanger_471,77.94217442985403,56.8025848458164
epigenomics_242_sol2sanger_472,80.00451082102485,42.22685059927298
epigenomics_242_sol2sanger_473,70.34050723509486,41.27879979612765
epigenomics_242_sol2sanger_474,85.66350491031332,37.14207533210349
epigenomics_242_sol2sanger_475,83.19249821366944,56.79501426048726
epigenomics_242_sol2sanger_476,81.79655243825133,32.21853058689315
epigenomics_242_sol2sanger_477,83.09236630453523,43.90197830600907
epigenomics_242_sol2sanger_478,81.49340656333464,46.58873804570515
epigenomics_242_sol2sanger_479,88.63802604744758,50.16179883284157
epigenomics_242_sol2sanger_480,73.89977895102388,44.22334852213145
epigenomics_242_sol2sanger_481,83.12776023600172,55.25729371509971
epigenomics_242_sol2sanger_482,81.8277437868563,42.6386592675621
epigenomics_242_sol2sanger_483,75.17970644911192,35.732861751007405
epigenomics_242_sol2sanger_484,84.8071837611333,46.33545836696732
epigenomics_242_sol2sanger_485,86.23948827890572,44.62972356985551
epigenomics_242_sol2sanger_486,82.22884430224393,48.4458411849385
epigenomics_242_sol2sanger_487,76.6563102453978,48.76391123488491
epigenomics_242_sol2sanger_488,77.4981290876813,43.34681299451476
epigenomics_242_sol2sanger_489,72.47682073528726,47.18104379743198
epigenomics_242_sol2sanger_490,76.43008450998593,53.00450217179072
epigenomics_242_sol2sanger_491,73.2369051027928,44.26060855251239
epigenomics_242_sol2sanger_492,70.15026112598908,55.116269045127844
epigenomics_242_sol2sanger_493,84.17109267670918,43.84577338988828
epigenomics_242_sol2sanger_494,80.85688928886617,48.34218658951126
epigenomics_242_sol2sanger_495,76.39257454696855,39.950345529547604
epigenomics_242_sol2sanger_496,85.74051407573705,57.62720957057091
epigenomics_242_sol2sanger_497,79.48123428147152,45.5573124107511
epigenomics_242_sol2sanger_498,87.75464789170664,53.41887911376761
epigenomics_242_sol2sanger_499,78.36075086616052,32.97092872820774
epigenomics_242_fast2bfq_0,31.364653826305368,66.75916745482257
epigenomics_242_fast2bfq_1,40.561655098358386,83.63503229411917
epigenomics_242_fast2bfq_2,36.02362221041877,80.93006283904958
epigenomics_242_fast2bfq_3,44.60247312020172,87.31819675435231
epigenomics_242_fast2bfq_4,53.84984881368226,69.0482482238612
epigenomics_242_fast2bfq_5,59.78415513723162,75.02814701740715
epigenomics_242_fast2bfq_6,45.94194082877263,76.2809870728837
epigenomics_242_fast2bfq_7,46.44109110926376,79.52805482205355
epigenomics_242_fast2bfq_8,58.60345797614667,81.3272862607406
epigenomics_242_fast2bfq_9,50.37617480665682,77.97277924795921
epigenomics_242_fast2bfq_10,43.134829024603825,81.80116961306472
epigenomics_242_fast2bfq_11,53.21642652486304,81.61670077203384
epigenomics_242_fast2bfq_12,41.2866513174965,78.58683434840128
epigenomics_242_fast2bfq_13,53.897874133698295,75.36179082424484
epigenomics_242_fast2bfq_14,47.8177633368678,74.75942209578794
epigenomics_242_fast2bfq_15,44.92585834216037,92.93791132535078
epigenomics_242_fast2bfq_16,42.86296932997935,73.02345176653179
epigenomics_242_fast2bfq_17,50.34208102855164,70.4881175482617
epigenomics_242_fast2bfq_18,45.804806960079326,87.76930159125108
epigenomics_242_fast2bfq_19,35.60546773234258,79.7987162633744
epigenomics_242_fast2bfq_20,42.00009982568814,78.0316022912335
epigenomics_242_fast2bfq_21,38.81982226989131,88.71867281206724
epigenomics_242_fast2bfq_22,43.517773475911596,87.47737172432667
epigenomics_242_fast2bfq_23,48.79921497547841,82.60256648210542
epigenomics_242_fast2bfq_24,42.915445453094236,92.38459785387803
epigenomics_242_fast2bfq_25,45.37837122898227,85.53834463405113
epigenomics_242_fast2bfq_26,48.76016114880821,94.34951254393219
epigenomics_242_fast2bfq_27,41.81647153312446,78.8554565990716
epigenomics_242_fast2bfq_28,41.05831082402455,84.67771121678506
epigenomics_242_fast2bfq_29,47.26821288414827,83.09664776896415
epigenomics_242_fast2bfq_30,36.869173377984495,73.21475017244244
epigenomics_242_fast2bfq_31,55.40922856343188,71.95005113242188
epigenomics_242_fast2bfq_32,34.62135685528966,75.66456341902902
epigenomics_242_fast2bfq_33,51.17816170014647,79.04852272911903
epigenomics_242_fast2bfq_34,43.69483697372092,83.44807615375468
epigenomics_242_fast2bfq_35,62.9810134120422,71.29508048931909
epigenomics_242_fast2bfq_36,60.51903684597059,78.71564878494064
epigenomics_242_fast2bfq_37,39.22484733455972,83.68638463999967
epigenomics_242_fast2bfq_38,54.21268918594524,92.74890599738623
epigenomics_242_fast2bfq_39,45.92726468134697,77.59607136586096
epigenomics_242_fast2bfq_40,33.597098068389016,82.11428406125378
epigenomics_242_fast2bfq_41,44.93056132822859,85.39241154148402
epigenomics_242_fast2bfq_42,40.110307456317926,93.20696580328149
epigenomics_242_fast2bfq_43,37.30544817511975,81.08804053538793
epigenomics_242_fast2bfq_44,51.3697637562761,77.5936553412947
epigenomics_242_fast2bfq_45,46.800819548472006,83.04032897863914
epigenomics_242_fast2bfq_46,37.84992105008132,79.44193482145295
epigenomics_242_fast2bfq_47,52.853751642567794,76.98042107487599
epigenomics_242_fast2bfq_48,42.74588944898874,71.70486905336516
epigenomics_242_fast2bfq_49,45.278939800367,83.50457633389554
epigenomics_242_fast2bfq_50,49.83211059016844,93.75165031835623
epigenomics_242_fast2bfq_51,36.31053444074378,85.16112818189526
epigenomics_242_fast2bfq_52,49.09335625326253,71.91331662736823
epigenomics_242_fast2bfq_53,54.80631453861929,81.11593681190283
epigenomics_242_fast2bfq_54,53.635011855730696,80.90382592096286
epigenomics_242_fast2bfq_55,49.867332596268625,83.23305900919722
epigenomics_242_fast2bfq_56,55.36573944485106,79.47933113907945
epigenomics_242_fast2bfq_57,46.46957670010813,93.5401553370294
epigenomics_242_fast2bfq_58,38.76279893643634,77.63567068685535
epigenomics_242_fast2bfq_59,59.103968810128194,76.91980503499143
epigenomics_242_fast2bfq_60,49.09349691774578,84.20610892135629
epigenomics_242_fast2bfq_61,42.68399357110877,83.89330024607483
epigenomics_242_fast2bfq_62,55.74299537596818,84.56941129826717
epigenomics_242_fast2bfq_63,47.21095103633014,83.27611403612032
epigenomics_242_fast2bfq_64,49.77735411016427,78.60021031027274
epigenomics_242_fast2bfq_65,34.54757208383235,83.21071357989211
epigenomics_242_fast2bfq_66,47.330773192268296,74.96138544362357
epigenomics_242_fast2bfq_67,45.88970224106604,80.38019854172961
epigenomics_242_fast2bfq_68,45.15879353491439,75.22122343089201
epigenomics_242_fast2bfq_69,48.561261148716305,79.37093344401153
epigenomics_242_fast2bfq_70,47.906030646176596,90.79441991601317
epigenomics_242_fast2bfq_71,48.666081999906574,69.58314805555405
epigenomics_242_fast2bfq_72,47.17305809984202,72.8929823243773
epigenomics_242_fast2bfq_73,44.80901003763835,73.8222393852425
epigenomics_242_fast2bfq_74,37.230081663760934,75.5331504395882
epigenomics_242_fast2bfq_75,38.21431155210951,70.11237502720772
epigenomics_242_fast2bfq_76,51.76460041318632,85.22838748140543
epigenomics_242_fast2bfq_77,54.08573108905057,89.88641311928876
epigenomics_242_fast2bfq_78,46.77750554213642,77.39958705899878
epigenomics_242_fast2bfq_79,35.891597555596896,86.38707934312036
epigenomics_242_fast2bfq_80,62.36189555432102,90.20976230917627
epigenomics_242_fast2bfq_81,51.008633894909536,68.61021521791449
epigenomics_242_fast2bfq_82,43.86284313616937,88.97565136467934
epigenomics_242_fast2bfq_83,45.60869374465065,69.56709915474308
epigenomics_242_fast2bfq_84,36.181871166365426,68.31100309585085
epigenomics_242_fast2bfq_85,54.79199896830873,83.59538502950633
epigenomics_242_fast2bfq_86,47.0920185748322,83.98673035882649
epigenomics_242_fast2bfq_87,47.17352456707885,67.67747628053006
epigenomics_242_fast2bfq_88,43.23328962107576,74.83430218529872
epigenomics_242_fast2bfq_89,48.43207778194314,77.96632826385802
epigenomics_242_fast2bfq_90,45.922782186759086,77.13317630103226
epigenomics_242_fast2bfq_91,47.945151344536434,79.64921064896618
epigenomics_242_fast2bfq_92,41.00593479878434,79.75360690738441
epigenomics_242_fast2bfq_93,36.490918675066354,69.79631101597103
epigenomics_242_fast2bfq_94,41.62435835096295,72.17839021276325
epigenomics_242_fast2bfq_95,51.859343188975316,74.10569031067436
epigenomics_242_fast2bfq_96,48.49368887356674,91.68894310520157
epigenomics_242_fast2bfq_97,46.417243555772984,87.53463843906933
epigenomics_242_fast2bfq_98,42.837770165058444,80.52210772651235
epigenomics_242_fast2bfq_99,46.076100315368016,83.1670243624228
epigenomics_242_fast2bfq_100,51.496555901804825,72.40458346874678
epigenomics_242_fast2bfq_101,43.7346577520497,78.21254866635668
epigenomics_242_fast2bfq_102,45.761375069271665,73.61447710155434
epigenomics_242_fast2bfq_103,43.47548273788596,82.62990505055585
epigenomics_242_fast2bfq_104,62.172852572747715,69.82956248883983
epigenomics_242_fast2bfq_105,44.30478449411583,75.08523702687117
epigenomics_242_fast2bfq_106,47.018428401564144,87.67372776787943
epigenomics_242_fast2bfq_107,58.18771214011524,88.57320616430387
epigenomics_242_fast2bfq_108,31.24555177350113,85.82132760384604
epigenomics_242_fast2bfq_109,57.54456360648126,82.75368794219906
epigenomics_242_fast2bfq_110,46.32521778029721,75.95049778955538
epigenomics_242_fast2bfq_111,48.89121673970883,71.8396740726523
epigenomics_242_fast2bfq_112,48.63121424783849,88.29933720062114
epigenomics_242_fast2bfq_113,39.91083189868422,81.77867277445135
epigenomics_242_fast2bfq_114,39.256428312210126,81.40211137920109
epigenomics_242_fast2bfq_115,48.602689873591935,83.72867642487442
epigenomics_242_fast2bfq_116,49.48318229796717,82.28972638989588
epigenomics_242_fast2bfq_117,45.424044899601256,79.2218777348319
epigenomics_242_fast2bfq_118,37.08929842079793,83.91230614228213
epigenomics_242_fast2bfq_119,55.08343969697925,85.70654015331314
epigenomics_242_fast2bfq_120,31.020910217468025,93.53699418513764
epigenomics_242_fast2bfq_121,42.2094445447051,82.48239019725017
epigenomics_242_fast2bfq_122,56.89339722845332,83.13529917519992
epigenomics_242_fast2bfq_123,46.69230123814583,60.89517575573968
epigenomics_242_fast2bfq_124,45.64606766007704,74.4981843762823
epigenomics_242_fast2bfq_125,52.75547915918284,89.63090946150025
epigenomics_242_fast2bfq_126,43.08115543801376,82.04543638092737
epigenomics_242_fast2bfq_127,45.32872797820179,75.74534569690108
epigenomics_242_fast2bfq_128,42.21302945381123,88.09736905788046
epigenomics_242_fast2bfq_129,41.48781105824666,81.10179227677769
epigenomics_242_fast2bfq_130,38.14394484506115,83.618785978206
epigenomics_242_fast2bfq_131,50.39495844572731,75.57154800446831
epigenomics_242_fast2bfq_132,39.944395607677166,84.34432334644218
epigenomics_242_fast2bfq_133,50.82748930141249,79.32192982778366
epigenomics_242_fast2bfq_134,44.78848099289514,80.40842645077909
epigenomics_242_fast2bfq_135,42.55406469510193,72.1127605227914
epigenomics_242_fast2bfq_136,34.25783412930616,77.72184737694559
epigenomics_242_fast2bfq_137,52.27973072204343,89.60780703943279
epigenomics_242_fast2bfq_138,46.86662073481315,73.79706757697453
epigenomics_242_fast2bfq_139,49.7904234593663,74.56118079383239
epigenomics_242_fast2bfq_140,47.88119847485227,85.10085071640897
epigenomics_242_fast2bfq_141,45.392697838333724,88.83839920753421
epigenomics_242_fast2bfq_142,44.493831648955364,70.23226498374713
epigenomics_242_fast2bfq_143,54.79280946749341,79.90152491473984
epigenomics_242_fast2bfq_144,50.55433749438186,86.07030581535099
epigenomics_242_fast2bfq_145,53.66352660949407,75.84215106028516
epigenomics_242_fast2bfq_146,59.66060775753524,87.93092592358495
epigenomics_242_fast2bfq_147,51.71590668312762,77.47430660460616
epigenomics_242_fast2bfq_148,55.77398622486559,88.19652500918917
epigenomics_242_fast2bfq_149,38.09802313010991,74.46537912633505
epigenomics_242_fast2bfq_150,40.23263178475928,81.02235676826994
epigenomics_242_fast2bfq_151,46.96891781982999,73.11144754916815
epigenomics_242_fast2bfq_152,55.1505517729161,70.9044021401657
epigenomics_242_fast2bfq_153,62.06551198803248,75.25666759082493
epigenomics_242_fast2bfq_154,41.615558015405625,83.67147145484302
epigenomics_242_fast2bfq_155,46.71041712954758,86.7031200093185
epigenomics_242_fast2bfq_156,46.59058959439935,92.63630663506397
epigenomics_242_fast2bfq_157,50.951297573272136,79.02113958038653
epigenomics_242_fast2bfq_158,45.60096308177047,86.04716366142917
epigenomics_242_fast2bfq_159,41.3640235142679,75.77190262364968
epigenomics_242_fast2bfq_160,37.81236538476461,81.45450783014596
epigenomics_242_fast2bfq_161,38.592320284680355,70.94406946265373
epigenomics_242_fast2bfq_162,44.39079783926039,85.81608874746799
epigenomics_242_fast2bfq_163,36.38743654115082,82.24129899437487
epigenomics_242_fast2bfq_164,32.28047258620611,71.86442965728433
epigenomics_242_fast2bfq_165,39.62687093110571,68.03553575423324
epigenomics_242_fast2bfq_166,48.672219148337504,78.37087082373321
epigenomics_242_fast2bfq_167,35.89930826607117,91.44164228941608
epigenomics_242_fast2bfq_168,50.39254895265453,83.1746196701161
epigenomics_242_fast2bfq_169,43.96069526689767,84.35409500045452
epigenomics_242_fast2bfq_170,40.96857085261409,80.0292861224062
epigenomics_242_fast2bfq_171,46.48042132469995,65.00686152756441
epigenomics_242_fast2bfq_172,37.17025215167251,92.91822441016589
epigenomics_242_fast2bfq_173,33.14998987997589,67.17503642594211
epigenomics_242_fast2bfq_174,48.75126765042376,80.69554234263063
epigenomics_242_fast2bfq_175,51.797670769267064,79.68022348918478
epigenomics_242_fast2bfq_176,48.66914965732154,81.38800535535177
epigenomics_242_fast2bfq_177,52.54097402131127,79.31701226339209
epigenomics_242_fast2bfq_178,40.577869807739646,78.24828912346469
epigenomics_242_fast2bfq_179,36.26285574201929,66.30271206982474
epigenomics_242_fast2bfq_180,43.48171954294129,82.22180939110763
epigenomics_242_fast2bfq_181,45.820232081582134,81.40167574095084
epigenomics_242_fast2bfq_182,49.28058401059091,86.531285611108
epigenomics_242_fast2bfq_183,43.37616192472254,70.37951083892949
epigenomics_242_fast2bfq_184,45.194559400102165,83.74113820700506
epigenomics_242_fast2bfq_185,46.357942776071745,86.96430786858122
epigenomics_242_fast2bfq_186,41.842322558646025,88.99735765719333
epigenomics_242_fast2bfq_187,47.196014578778815,85.75042103712516
epigenomics_242_fast2bfq_188,42.46938568414195,80.43452985932906
epigenomics_242_fast2bfq_189,51.82435024749461,71.60420245981751
epigenomics_242_fast2bfq_190,34.71271453351018,88.93685655426009
epigenomics_242_fast2bfq_191,47.328207596669984,79.83041505116334
epigenomics_242_fast2bfq_192,48.48000382799635,92.1741064839879
epigenomics_242_fast2bfq_193,40.77954092723791,79.42781650135409
epigenomics_242_fast2bfq_194,42.74613119128858,78.45714630734805
epigenomics_242_fast2bfq_195,55.66565151007718,88.28316971091887
epigenomics_242_fast2bfq_196,46.00684877420428,82.9918537177924
epigenomics_242_fast2bfq_197,42.64189940693646,84.77270853166597
epigenomics_242_fast2bfq_198,47.21469062564205,87.66111615947435
epigenomics_242_fast2bfq_199,40.95817535334205,86.58265848509964
epigenomics_242_fast2bfq_200,40.78543298196289,97.31591644787157
epigenomics_242_fast2bfq_201,57.79601481904643,87.15132202424702
epigenomics_242_fast2bfq_202,36.96005261867849,88.07332419870573
epigenomics_242_fast2bfq_203,52.24914900590647,71.13525678018381
epigenomics_242_fast2bfq_204,40.97578410665472,88.84462121665871
epigenomics_242_fast2bfq_205,42.067918111934404,70.52443143556927
epigenomics_242_fast2bfq_206,51.67315334889303,72.78412092702426
epigenomics_242_fast2bfq_207,53.05694925126226,85.15944637178316
epigenomics_242_fast2bfq_208,43.23268867081855,78.39107184652616
epigenomics_242_fast2bfq_209,45.57976209455135,82.5485679204801
epigenomics_242_fast2bfq_210,37.63119552928666,86.36318934934934
epigenomics_242_fast2bfq_211,44.20544167101078,84.58804720243852
epigenomics_242_fast2bfq_212,40.739379403609085,89.7868608555022
epigenomics_242_fast2bfq_213,46.98322311575616,73.19593425149112
epigenomics_242_fast2bfq_214,41.84048196045985,86.74735653138431
epigenomics_242_fast2bfq_215,31.582115103170356,79.51431949252427
epigenomics_242_fast2bfq_216,50.80105528575527,72.10744565365849
epigenomics_242_fast2bfq_217,46.15299976963724,76.49754195192693
epigenomics_242_fast2bfq_218,50.674091420573184,84.18283373222718
epigenomics_242_fast2bfq_219,42.99093028245616,77.4189837151555
epigenomics_242_fast2bfq_220,56.02682722889923,77.0678595406661
epigenomics_242_fast2bfq_221,51.26824216229771,72.28173850089723
epigenomics_242_fast2bfq_222,49.32696646306559,81.06076752314998
epigenomics_242_fast2bfq_223,49.34676874461809,76.46023196353107
epigenomics_242_fast2bfq_224,36.58337270303649,78.78613728869867
epigenomics_242_fast2bfq_225,45.61862052912635,74.52720746908321
epigenomics_242_fast2bfq_226,50.62521019903159,84.19849201193387
epigenomics_242_fast2bfq_227,41.33916344576676,80.60080763477842
epigenomics_242_fast2bfq_228,51.1687909132152,73.78563788564746
epigenomics_242_fast2bfq_229,44.425308205226585,75.93947010668273
epigenomics_242_fast2bfq_230,29.948883836956377,71.85049393938769
epigenomics_242_fast2bfq_231,52.158032978751265,87.13551283096905
epigenomics_242_fast2bfq_232,31.805903445040556,75.18829046555788
epigenomics_242_fast2bfq_233,47.74174273060621,88.64109497821053
epigenomics_242_fast2bfq_234,35.47392803675773,90.41024055147916
epigenomics_242_fast2bfq_235,24.42932812994269,85.01806821607019
epigenomics_242_fast2bfq_236,57.575340424860144,77.36637544275494
epigenomics_242_fast2bfq_237,39.70509885976104,74.54520800748574
epigenomics_242_fast2bfq_238,43.70677726726848,78.85064573838835
epigenomics_242_fast2bfq_239,50.23157246439924,83.74476579656393
epigenomics_242_fast2bfq_240,43.31094355113784,59.900474403849046
epigenomics_242_fast2bfq_241,27.855918075706708,88.64070847031209
epigenomics_242_fast2bfq_242,46.54350689725266,90.99150381347812
epigenomics_242_fast2bfq_243,34.1124464907568,73.22007484671586
epigenomics_242_fast2bfq_244,51.79716447928511,78.78546777866077
epigenomics_242_fast2bfq_245,59.824325172010376,88.81533664899479
epigenomics_242_fast2bfq_246,42.14568153952738,89.59804544727643
epigenomics_242_fast2bfq_247,36.875217702455416,89.17584176884662
epigenomics_242_fast2bfq_248,46.61313329088289,91.86332681027437
epigenomics_242_fast2bfq_249,25.21287034900704,72.7343009884454
epigenomics_242_fast2bfq_250,35.66822534989379,77.89411330829994
epigenomics_242_fast2bfq_251,39.6956686222216,88.67433150054292
epigenomics_242_fast2bfq_252,46.817582601539776,91.14925774465182
epigenomics_242_fast2bfq_253,48.822818977892,81.42786809080305
epigenomics_242_fast2bfq_254,57.22273052648936,81.88573485575354
epigenomics_242_fast2bfq_255,46.420292745538376,80.61312510981476
epigenomics_242_fast2bfq_256,37.171822445994884,82.41956987772853
epigenomics_242_fast2bfq_257,31.235729140345608,73.20730851775447
epigenomics_242_fast2bfq_258,37.57395742481773,79.17955764442107
epigenomics_242_fast2bfq_259,48.05753727706917,84.75871875737938
epigenomics_242_fast2bfq_260,36.341136802315326,67.8937147746233
epigenomics_242_fast2bfq_261,43.43356381921119,87.28897340118372
epigenomics_242_fast2bfq_262,30.816460434609127,80.4125765493182
epigenomics_242_fast2bfq_263,52.70348066948359,76.98204862102006
epigenomics_242_fast2bfq_264,48.26948397678558,80.33911923203615
epigenomics_242_fast2bfq_265,46.882684243109566,76.96881903654132
epigenomics_242_fast2bfq_266,46.11902268629325,75.56919244220079
epigenomics_242_fast2bfq_267,43.91856148809003,86.6621769802631
epigenomics_242_fast2bfq_268,41.56981159922509,84.42415037104513
epigenomics_242_fast2bfq_269,44.42014106271713,76.08502273621133
epigenomics_242_fast2bfq_270,38.2782522012842,77.70277337847418
epigenomics_242_fast2bfq_271,48.772685268593875,79.6360905056532
epigenomics_242_fast2bfq_272,38.93590006024574,65.03305133966104
epigenomics_242_fast2bfq_273,44.5850157991561,75.40558845978394
epigenomics_242_fast2bfq_274,44.60188629672196,76.76294648146002
epigenomics_242_fast2bfq_275,39.433083929824775,78.16106118045938
epigenomics_242_fast2bfq_276,44.46457742627583,88.6873828644742
epigenomics_242_fast2bfq_277,46.630204329196225,87.62949097279929
epigenomics_242_fast2bfq_278,42.28122004248071,84.36752937993941
epigenomics_242_fast2bfq_279,45.24163078067738,92.11140261827643
epigenomics_242_fast2bfq_280,50.70467825837277,76.07838443622903
epigenomics_242_fast2bfq_281,66.88791502424208,91.69434214587517
epigenomics_242_fast2bfq_282,47.54019513722776,81.83122764384963
epigenomics_242_fast2bfq_283,40.27023498612537,86.6344354741054
epigenomics_242_fast2bfq_284,39.42436599861761,63.39341734751406
epigenomics_242_fast2bfq_285,45.66065718187396,82.59745065080615
epigenomics_242_fast2bfq_286,36.97263536144389,76.91867060565814
epigenomics_242_fast2bfq_287,43.069460054522814,93.48002701182605
epigenomics_242_fast2bfq_288,39.93489154044775,79.43407866923262
epigenomics_242_fast2bfq_289,44.56504368891046,69.44405326414636
epigenomics_242_fast2bfq_290,36.14978638592726,79.21472437694219
epigenomics_242_fast2bfq_291,40.392896610698955,84.3580889010635
epigenomics_242_fast2bfq_292,53.45701318869429,70.7775520529735
epigenomics_242_fast2bfq_293,42.25793198654736,74.79407997962926
epigenomics_242_fast2bfq_294,43.5211034670531,75.43113753886797
epigenomics_242_fast2bfq_295,45.89197811338873,94.14261978449892
epigenomics_242_fast2bfq_296,44.9755456719761,88.14086679144528
epigenomics_242_fast2bfq_297,39.118883846759964,82.26571444500847
epigenomics_242_fast2bfq_298,45.66502487163363,80.04085273155769
epigenomics_242_fast2bfq_299,41.475045531379756,73.05189181127932
epigenomics_242_fast2bfq_300,39.98721140720231,82.9564358567948
epigenomics_242_fast2bfq_301,33.460669097842036,79.81950834952453
epigenomics_242_fast2bfq_302,33.91926851568296,75.7508745063825
epigenomics_242_fast2bfq_303,45.89239665433981,73.85296956962226
epigenomics_242_fast2bfq_304,42.42086866368654,79.33783362588375
epigenomics_242_fast2bfq_305,44.8211036801069,70.59543352268065
epigenomics_242_fast2bfq_306,37.782452898143674,92.32278990627012
epigenomics_242_fast2bfq_307,37.19131504503262,75.27131522935913
epigenomics_242_fast2bfq_308,35.96457748117635,81.77845246270772
epigenomics_242_fast2bfq_309,52.445152763939504,83.94976867528311
epigenomics_242_fast2bfq_310,50.14135251738855,83.58980655298517
epigenomics_242_fast2bfq_311,46.962108665046166,74.48248689986133
epigenomics_242_fast2bfq_312,49.765788012158694,66.27884658285592
epigenomics_242_fast2bfq_313,36.856152119245515,81.35303353201361
epigenomics_242_fast2bfq_314,55.79422589121037,75.66700203884727
epigenomics_242_fast2bfq_315,34.81648090911091,79.33725779304771
epigenomics_242_fast2bfq_316,42.274387532254345,75.12912993600817
epigenomics_242_fast2bfq_317,55.77076540585695,88.27251261103295
epigenomics_242_fast2bfq_318,41.29433110144188,77.08972685476293
epigenomics_242_fast2bfq_319,28.566186482589817,82.56495958731765
epigenomics_242_fast2bfq_320,47.4429954194899,87.07904671300616
epigenomics_242_fast2bfq_321,41.088398617503735,71.4325088038367
epigenomics_242_fast2bfq_322,39.233421019613594,84.52816353645967
epigenomics_242_fast2bfq_323,26.960368794732123,88.08741949164784
epigenomics_242_fast2bfq_324,44.34592278401613,85.51919164075262
epigenomics_242_fast2bfq_325,39.69943748579041,81.7999367490029
epigenomics_242_fast2bfq_326,51.12501531027367,83.44722762050664
epigenomics_242_fast2bfq_327,47.93482888074152,75.54045391422844
epigenomics_242_fast2bfq_328,61.16993795261955,78.34984644771667
epigenomics_242_fast2bfq_329,44.82512595359723,83.78347860201099
epigenomics_242_fast2bfq_330,38.35260081936724,85.3696712172328
epigenomics_242_fast2bfq_331,38.337652689240706,81.91774424616756
epigenomics_242_fast2bfq_332,23.834567759457844,71.59292078560492
epigenomics_242_fast2bfq_333,31.926484463761057,78.04564321162427
epigenomics_242_fast2bfq_334,61.23756808636311,70.93997935393014
epigenomics_242_fast2bfq_335,51.896072150544455,81.79751836245454
epigenomics_242_fast2bfq_336,41.913441785503245,85.18786011486577
epigenomics_242_fast2bfq_337,33.983923049413086,67.25428536233048
epigenomics_242_fast2bfq_338,48.069363175235274,83.05884592963776
epigenomics_242_fast2bfq_339,46.070644176341574,73.35982658365037
epigenomics_242_fast2bfq_340,35.80609755532171,77.86209716852709
epigenomics_242_fast2bfq_341,41.092446775490195,84.77740907933146
epigenomics_242_fast2bfq_342,46.45534074032443,65.82066640019862
epigenomics_242_fast2bfq_343,43.35734172913453,80.71563196305084
epigenomics_242_fast2bfq_344,41.00064528878337,85.66645951221561
epigenomics_242_fast2bfq_345,41.384604203202905,84.18210312251155
epigenomics_242_fast2bfq_346,47.65183429016313,69.90171548323104
epigenomics_242_fast2bfq_347,48.76524460855591,82.42593588213265
epigenomics_242_fast2bfq_348,52.14059176720004,89.75986977380654
epigenomics_242_fast2bfq_349,41.39319266993007,68.73250357041297
epigenomics_242_fast2bfq_350,42.4861849622455,74.4718419348006
epigenomics_242_fast2bfq_351,43.77201095902795,81.24331352438755
epigenomics_242_fast2bfq_352,38.09083257247788,87.3104660380707
epigenomics_242_fast2bfq_353,41.38966390537257,80.36965984652407
epigenomics_242_fast2bfq_354,46.57458923794595,77.04729409037917
epigenomics_242_fast2bfq_355,40.16805363223308,93.01295399997285
epigenomics_242_fast2bfq_356,43.898104829899694,72.87758175032238
epigenomics_242_fast2bfq_357,43.96491229102631,74.33693338296153
epigenomics_242_fast2bfq_358,42.234314013837036,75.56046323449252
epigenomics_242_fast2bfq_359,42.09623959479091,64.85672604999743
epigenomics_242_fast2bfq_360,38.14287933047123,75.29619761070128
epigenomics_242_fast2bfq_361,57.69364265842465,70.51586729681351
epigenomics_242_fast2bfq_362,48.89346409678881,79.8749045639033
epigenomics_242_fast2bfq_363,38.418591466110826,70.90401910837662
epigenomics_242_fast2bfq_364,45.410903592782915,85.40012453282452
epigenomics_242_fast2bfq_365,45.715559504139726,62.68346093658807
epigenomics_242_fast2bfq_366,41.53264598070561,79.70413373518709
epigenomics_242_fast2bfq_367,47.134061035810426,87.06717951177157
epigenomics_242_fast2bfq_368,45.96664702238251,86.82499760845648
epigenomics_242_fast2bfq_369,50.48229455249329,83.68883321214604
epigenomics_242_fast2bfq_370,43.09927102479496,81.76007767739364
epigenomics_242_fast2bfq_371,50.28811842535003,78.9498298095624
epigenomics_242_fast2bfq_372,41.66775842949722,82.87697335326529
epigenomics_242_fast2bfq_373,49.23998102322411,84.69004111161038
epigenomics_242_fast2bfq_374,44.61162935803684,85.77697905894769
epigenomics_242_fast2bfq_375,48.13426098763988,91.8370822847365
epigenomics_242_fast2bfq_376,44.716536353575265,68.44173861746373
epigenomics_242_fast2bfq_377,36.58858717727192,88.73487866209221
epigenomics_242_fast2bfq_378,39.20884054994419,62.62735463401283
epigenomics_242_fast2bfq_379,44.223586673515136,87.68361719283635
epigenomics_242_fast2bfq_380,42.736720857207324,89.67407350455379
epigenomics_242_fast2bfq_381,44.56890020162535,72.88936164194973
epigenomics_242_fast2bfq_382,45.707066010133104,74.79562050929627
epigenomics_242_fast2bfq_383,45.76722332077216,73.80630264570244
epigenomics_242_fast2bfq_384,43.691458062476926,91.3535414266173
epigenomics_242_fast2bfq_385,52.74095198585599,91.48919566517657
epigenomics_242_fast2bfq_386,46.545595162466576,80.04765123420559
epigenomics_242_fast2bfq_387,35.9050933865332,79.60555021136832
epigenomics_242_fast2bfq_388,44.955309307468795,81.04653794470632
epigenomics_242_fast2bfq_389,37.21827024844612,65.97662974630128
epigenomics_242_fast2bfq_390,42.05419397030297,81.93346034938139
epigenomics_242_fast2bfq_391,51.258144417281635,77.25753053776364
epigenomics_242_fast2bfq_392,43.97339542822259,84.52642101468052
epigenomics_242_fast2bfq_393,39.592905567842635,90.97191409303966
epigenomics_242_fast2bfq_394,51.20900348058292,72.68060298650417
epigenomics_242_fast2bfq_395,41.68613188466397,83.56579574961907
epigenomics_242_fast2bfq_396,49.472724469699074,86.20150586684359
epigenomics_242_fast2bfq_397,60.74829512727982,69.88829277183746
epigenomics_242_fast2bfq_398,44.717576536929485,81.63358836591055
epigenomics_242_fast2bfq_399,51.15477269218281,82.35040841041855
epigenomics_242_fast2bfq_400,44.56075937911871,86.24314516901254
epigenomics_242_fast2bfq_401,35.90829202559384,83.01330585146752
epigenomics_242_fast2bfq_402,39.41276034469223,78.0885303177613
epigenomics_242_fast2bfq_403,43.7448227060026,77.62173357073226
epigenomics_242_fast2bfq_404,47.352535627166496,74.08011590172683
epigenomics_242_fast2bfq_405,36.757892583964214,84.7661223500904
epigenomics_242_fast2bfq_406,42.71048567074012,83.27520686103257
epigenomics_242_fast2bfq_407,35.93137570618073,68.82932926762004
epigenomics_242_fast2bfq_408,48.6011385481635,81.28498784557429
epigenomics_242_fast2bfq_409,41.86282136458817,78.10250506163517
epigenomics_242_fast2bfq_410,34.46255462503381,79.14370457397499
epigenomics_242_fast2bfq_411,40.49475542863623,82.44333955990085
epigenomics_242_fast2bfq_412,47.16954622556278,77.79599592781443
epigenomics_242_fast2bfq_413,44.345187029901446,75.3487628459358
epigenomics_242_fast2bfq_414,35.55041527972592,73.79873271892795
epigenomics_242_fast2bfq_415,32.45282760336634,75.58119757209252
epigenomics_242_fast2bfq_416,46.716540059264965,84.76930389395552
epigenomics_242_fast2bfq_417,44.01239273452205,79.58202236198925
epigenomics_242_fast2bfq_418,27.415725764764396,96.81255241637095
epigenomics_242_fast2bfq_419,43.71699567275498,82.16149470302672
epigenomics_242_fast2bfq_420,45.85803192529573,77.321456056816
epigenomics_242_fast2bfq_421,41.6440659338635,92.25489549539824
epigenomics_242_fast2bfq_422,43.49459491122599,72.16110922304746
epigenomics_242_fast2bfq_423,47.3505231439828,92.53352862602681
epigenomics_242_fast2bfq_424,48.80650206277604,69.17004525820042
epigenomics_242_fast2bfq_425,37.572720143823034,82.09816698587638
epigenomics_242_fast2bfq_426,30.824101057204643,75.5898014019016
epigenomics_242_fast2bfq_427,48.83635659993313,82.60957695334311
epigenomics_242_fast2bfq_428,41.07206606496391,83.23308934761317
epigenomics_242_fast2bfq_429,47.66781110211043,80.65873343294606
epigenomics_242_fast2bfq_430,44.78885564114779,76.68499149624046
epigenomics_242_fast2bfq_431,45.73400165934926,83.61030504788746
epigenomics_242_fast2bfq_432,44.956447804748834,85.07747039093266
epigenomics_242_fast2bfq_433,41.755774470286376,77.54870391611198
epigenomics_242_fast2bfq_434,41.069108810703675,75.95675779292995
epigenomics_242_fast2bfq_435,44.97212168707769,69.24574799860841
epigenomics_242_fast2bfq_436,41.74802863154915,81.74960266665877
epigenomics_242_fast2bfq_437,59.88193391190852,93.85638830363085
epigenomics_242_fast2bfq_438,44.4291845255815,81.29523615356412
epigenomics_242_fast2bfq_439,49.26651090949993,73.41827580140685
epigenomics_242_fast2bfq_440,46.620725803948005,79.5288868512183
epigenomics_242_fast2bfq_441,45.15037401913614,73.65686760308044
epigenomics_242_fast2bfq_442,46.15903740011142,73.45553953634261
epigenomics_242_fast2bfq_443,49.69173750986912,81.74835827922414
epigenomics_242_fast2bfq_444,40.28192512443843,84.55997738390207
epigenomics_242_fast2bfq_445,48.468494147548846,86.37000516866978
epigenomics_242_fast2bfq_446,45.315316276725284,73.89116462278353
epigenomics_242_fast2bfq_447,57.81196948253611,84.77848436253922
epigenomics_242_fast2bfq_448,43.174419769548095,69.03488523811001
epigenomics_242_fast2bfq_449,43.01029934419731,74.42871772148715
epigenomics_242_fast2bfq_450,41.53260027571257,89.82278805558082
epigenomics_242_fast2bfq_451,37.839435153142,95.36155397916083
epigenomics_242_fast2bfq_452,48.418937230540664,67.63408275242834
epigenomics_242_fast2bfq_453,44.01442972694076,78.55507890330003
epigenomics_242_fast2bfq_454,52.707279344701895,75.1879495938321
epigenomics_242_fast2bfq_455,45.55600945251367,86.75028176829038
epigenomics_242_fast2bfq_456,47.38472235680686,71.6806208167696
epigenomics_242_fast2bfq_457,41.03206252033665,70.57146436564396
epigenomics_242_fast2bfq_458,43.14407253278837,86.07752880126239
epigenomics_242_fast2bfq_459,42.257960944887955,80.59041684586528
epigenomics_242_fast2bfq_460,59.00315552759721,64.60732582733041
epigenomics_242_fast2bfq_461,43.301454150193656,86.40168714512477
epigenomics_242_fast2bfq_462,39.17991019604562,98.22041820056265
epigenomics_242_fast2bfq_463,42.280452926169104,79.35379950498987
epigenomics_242_fast2bfq_464,43.119592858423395,87.76865173521847
epigenomics_242_fast2bfq_465,52.79265607118959,69.2351102670043
epigenomics_242_fast2bfq_466,48.50950583448484,79.15862234070333
epigenomics_242_fast2bfq_467,39.349568038286165,84.37650442534978
epigenomics_242_fast2bfq_468,55.64843178434063,71.04194467371008
epigenomics_242_fast2bfq_469,50.684149895825804,73.9112832399813
epigenomics_242_fast2bfq_470,46.42961117885658,71.33078141405042
epigenomics_242_fast2bfq_471,45.32681547953602,87.03188017179308
epigenomics_242_fast2bfq_472,44.999894939491156,81.03999657954543
epigenomics_242_fast2bfq_473,29.651304230909034,75.41734252032701
epigenomics_242_fast2bfq_474,43.16123362316105,72.87889635254757
epigenomics_242_fast2bfq_475,36.372447219206855,67.11247355967319
epigenomics_242_fast2bfq_476,49.85301429939802,84.85221359260834
epigenomics_242_fast2bfq_477,46.25083159320096,75.5520854417526
epigenomics_242_fast2bfq_478,49.373938595962414,85.15040450902556
epigenomics_242_fast2bfq_479,51.5072481018221,81.41528227265157
epigenomics_242_fast2bfq_480,44.71617367546513,64.05680468733607
epigenomics_242_fast2bfq_481,51.31731568569579,83.93895592545246
epigenomics_242_fast2bfq_482,46.57993496362546,80.03685938360381
epigenomics_242_fast2bfq_483,39.46824535838705,79.34253568314661
epigenomics_242_fast2bfq_484,45.460860849676166,86.52035787894665
epigenomics_242_fast2bfq_485,46.105193388060464,88.81856480975794
epigenomics_242_fast2bfq_486,42.87545419257663,80.40109657495566
epigenomics_242_fast2bfq_487,43.75012982673378,72.71974463834184
epigenomics_242_fast2bfq_488,27.841485451673208,79.30024044585164
epigenomics_242_fast2bfq_489,47.16488486746422,81.82646707359133
epigenomics_242_fast2bfq_490,50.331371958890855,79.01683082438662
epigenomics_242_fast2bfq_491,56.382981614004166,71.50140218291972
epigenomics_242_fast2bfq_492,54.816552864800066,79.50966083228313
epigenomics_242_fast2bfq_493,48.4722025232908,76.50250752642572
epigenomics_242_fast2bfq_494,40.83176611918184,74.75068437113667
epigenomics_242_fast2bfq_495,39.6303875881631,81.16527035821366
epigenomics_242_fast2bfq_496,43.00273206109135,70.12653457534215
epigenomics_242_fast2bfq_497,49.88900606278444,74.79251379725667
epigenomics_242_fast2bfq_498,40.823565173883765,78.64104057177421
epigenomics_242_fast2bfq_499,60.96898386951871,90.0904431241216
epigenomics_242_map_0,9688.968151845791,177.96665737898115
epigenomics_242_map_1,9916.760900902731,181.31461680117968
epigenomics_242_map_2,10747.452490905996,183.27135415318222
epigenomics_242_map_3,9772.856009206791,179.79653545576443
epigenomics_242_map_4,9544.656587623422,178.7901407810308
epigenomics_242_map_5,9760.378467395614,179.91431947780714
epigenomics_242_map_6,10142.208242614128,187.2762630576711
epigenomics_242_map_7,10180.178345465674,187.98658622098003
epigenomics_242_map_8,9917.713084454594,186.0204924245588
epigenomics_242_map_9,10007.802947898146,178.25152171319985
epigenomics_242_map_10,10052.639023995951,185.11366645661607
epigenomics_242_map_11,9026.172334614861,195.25078900999333
epigenomics_242_map_12,10067.7364842518,179.85537738841424
epigenomics_242_map_13,10253.369623952964,177.72678391141676
epigenomics_242_map_14,9990.294527528773,186.05797553004572
epigenomics_242_map_15,10357.752102221395,186.46683699480045
epigenomics_242_map_16,11071.454253302249,191.48921936088803
epigenomics_242_map_17,9560.14468500074,182.2616045528029
epigenomics_242_map_18,9241.811088766835,188.35885496322882
epigenomics_242_map_19,9329.175912921015,188.3316619115058
epigenomics_242_map_20,9924.285089879402,183.98374989889777
epigenomics_242_map_21,10415.882257338591,184.27251849635215
epigenomics_242_map_22,10316.879368010355,184.90676900966017
epigenomics_242_map_23,9889.37008474103,181.95315933108324
epigenomics_242_map_24,10049.670799619898,182.5885603797728
epigenomics_242_map_25,10862.850890513984,193.82147976247876
epigenomics_242_map_26,9749.753134293425,176.50848656962822
epigenomics_242_map_27,10631.235312194203,186.80837784610952
epigenomics_242_map_28,10013.961142499431,184.8963974386289
epigenomics_242_map_29,9480.734235702841,178.64829231443116
epigenomics_242_map_30,9324.416555983236,175.44107763308662
epigenomics_242_map_31,10103.704530287443,182.24770198552966
epigenomics_242_map_32,10366.098068320536,187.06487979445197
epigenomics_242_map_33,10360.071075864285,179.86037151851707
epigenomics_242_map_34,10521.353152098036,175.0189802353815
epigenomics_242_map_35,10806.915324307483,177.64070514093675
epigenomics_242_map_36,10269.245294887613,182.77112827655094
epigenomics_242_map_37,10087.00620327833,182.1841095402506
epigenomics_242_map_38,9474.252218737058,179.12123722232215
epigenomics_242_map_39,9584.942749171856,190.84164336232143
epigenomics_242_map_40,9305.822339655595,182.96777486888274
epigenomics_242_map_41,9777.619683988156,187.92684273476013
epigenomics_242_map_42,9029.324704196568,176.92766213467632
epigenomics_242_map_43,10521.358847439307,185.91294573109369
epigenomics_242_map_44,10286.592177812447,190.33799720473468
epigenomics_242_map_45,9945.512900057474,183.46461564596683
epigenomics_242_map_46,9875.730681012796,177.84605057209313
epigenomics_242_map_47,9061.609436602608,182.71858174026866
epigenomics_242_map_48,10634.823207385762,186.6289498809089
epigenomics_242_map_49,9039.60406756054,183.87024033440105
epigenomics_242_map_50,10011.005823071257,187.98536038983866
epigenomics_242_map_51,9561.16933027532,176.29032403600164
epigenomics_242_map_52,9980.42491892379,181.74440715637607
epigenomics_242_map_53,10245.18356528187,181.04166087547182
epigenomics_242_map_54,9979.03514401287,185.78289282162086
epigenomics_242_map_55,10396.760256026939,193.24384126215242
epigenomics_242_map_56,10138.195822672693,182.47286696487757
epigenomics_242_map_57,10117.060170830637,180.8950186613973
epigenomics_242_map_58,9454.853734656348,180.66343524675744
epigenomics_242_map_59,10608.529371222307,192.567040903742
epigenomics_242_map_60,10175.983218069929,189.8058989441348
epigenomics_242_map_61,9314.850946420795,184.5830292116051
epigenomics_242_map_62,10321.880743379343,185.4171547748478
epigenomics_242_map_63,10099.254084446033,179.6108740888607
epigenomics_242_map_64,10199.253980635323,188.62165609673957
epigenomics_242_map_65,9391.68185888651,188.71997339808894
epigenomics_242_map_66,10181.1070329334,185.28442016919212
epigenomics_242_map_67,9324.5968147657,184.18680690574314
epigenomics_242_map_68,9385.365972091651,175.96416798974818
epigenomics_242_map_69,8924.398725176276,183.03415710890587
epigenomics_242_map_70,10563.468287317473,183.28709417655918
epigenomics_242_map_71,10009.872240470528,184.38439481149965
epigenomics_242_map_72,9932.107777090623,180.88394621740122
epigenomics_242_map_73,9364.283188526133,184.18980245393087
epigenomics_242_map_74,9345.847060482747,181.12106275345795
epigenomics_242_map_75,10321.28292749178,179.93645438230288
epigenomics_242_map_76,10465.721076287999,195.96988143063402
epigenomics_242_map_77,10151.623278983778,179.2060183172806
epigenomics_242_map_78,10239.651684984934,173.63754948436699
epigenomics_242_map_79,9702.612653658023,183.2401748452988
epigenomics_242_map_80,8976.165349074412,193.94542168445315
epigenomics_242_map_81,9822.00518849928,178.14626073355655
epigenomics_242_map_82,9934.262700506471,184.21429216284946
epigenomics_242_map_83,10049.225152833578,189.03693930676695
epigenomics_242_map_84,10070.01941829892,184.97902041845208
epigenomics_242_map_85,9576.353262623514,186.27283764900795
epigenomics_242_map_86,10351.205148903195,189.11499845119903
epigenomics_242_map_87,10385.323381033822,182.44318948377372
epigenomics_242_map_88,10480.38724860531,185.6506026580861
epigenomics_242_map_89,10253.943183239859,185.17541357399122
epigenomics_242_map_90,11202.672810750122,182.02351973390316
epigenomics_242_map_91,9902.847048549203,180.81941927681805
epigenomics_242_map_92,9482.182894556383,187.2655271975288
epigenomics_242_map_93,9193.506074740239,177.77792062857662
epigenomics_242_map_94,9557.428681840058,192.46304146259925
epigenomics_242_map_95,10280.684087420697,187.934643440524
epigenomics_242_map_96,10063.115099380446,191.76930537421146
epigenomics_242_map_97,10487.5135770082,181.30710121902618
epigenomics_242_map_98,10579.155262419396,185.9187058830991
epigenomics_242_map_99,9823.288602048218,189.81192798484764
epigenomics_242_map_100,10438.686925703198,188.94248151007298
epigenomics_242_map_101,10295.947371351853,188.07608883784792
epigenomics_242_map_102,9236.985235301454,188.89622491362485
epigenomics_242_map_103,9536.216304808675,184.03461591712082
epigenomics_242_map_104,10045.664889836793,181.79921721255096
epigenomics_242_map_105,10963.685343136609,186.2836073135277
epigenomics_242_map_106,10510.338836285822,181.1765152019066
epigenomics_242_map_107,9749.749114247767,175.86321235427465
epigenomics_242_map_108,10963.796227402281,193.78836094575837
epigenomics_242_map_109,9580.225674098469,181.3818688404803
epigenomics_242_map_110,9928.100758501383,183.16646555109597
epigenomics_242_map_111,9312.08956843985,190.86602862842037
epigenomics_242_map_112,9736.049768394041,184.47417200160353
epigenomics_242_map_113,10285.823076757975,180.09606770443193
epigenomics_242_map_114,10290.711884256516,184.1934959979852
epigenomics_242_map_115,9905.88870099625,188.47313937074873
epigenomics_242_map_116,9869.646368945543,190.872205998368
epigenomics_242_map_117,9916.257469901786,187.23059634888395
epigenomics_242_map_118,10315.966993966707,184.91645910572421
epigenomics_242_map_119,9816.848475136441,187.00563889416634
epigenomics_242_map_120,9898.06755379465,186.99604792488174
epigenomics_242_map_121,9778.079064229554,180.83553828165927
epigenomics_242_map_122,9933.114753813707,185.15943802652754
epigenomics_242_map_123,10862.718870591003,188.40036406067338
epigenomics_242_map_124,10124.87164032077,184.23526114233192
epigenomics_242_map_125,10310.485592966377,187.88414083733954
epigenomics_242_map_126,10189.284450922996,189.8918487381111
epigenomics_242_map_127,9041.503378026659,190.85937286999658
epigenomics_242_map_128,10940.458002499912,186.12733395505458
epigenomics_242_map_129,9428.292643455849,174.84548056238495
epigenomics_242_map_130,9979.67876277343,184.19059353948597
epigenomics_242_map_131,9678.106294129197,177.01953161576972
epigenomics_242_map_132,9474.835806879702,189.25515782175302
epigenomics_242_map_133,10641.44772259995,186.1346387431425
epigenomics_242_map_134,9756.993624324683,184.30201058671756
epigenomics_242_map_135,10324.241496481305,177.81800501249046
epigenomics_242_map_136,10096.521569805973,195.2571986819454
epigenomics_242_map_137,9835.912777107873,186.56874705847167
epigenomics_242_map_138,10254.274665345332,187.2696767958965
epigenomics_242_map_139,10115.41998586085,186.94859582664293
epigenomics_242_map_140,9482.32416433984,185.61165411520122
epigenomics_242_map_141,10157.741420303873,177.9808407123399
epigenomics_242_map_142,9745.147725232328,179.71615146428843
epigenomics_242_map_143,9373.841524466952,179.217072029232
epigenomics_242_map_144,9352.473577515819,180.23268049635618
epigenomics_242_map_145,9872.898026833273,190.56443920307933
epigenomics_242_map_146,9755.382989051022,182.47887275062143
epigenomics_242_map_147,10625.506469524338,196.1723325058243
epigenomics_242_map_148,10623.698830334219,199.02586922293432
epigenomics_242_map_149,9842.60640504738,180.4705508957574
epigenomics_242_map_150,10674.284359127387,184.33750763763248
epigenomics_242_map_151,10059.057994066936,195.38130374676268
epigenomics_242_map_152,9415.225103839608,196.62945940986066
epigenomics_242_map_153,10336.08526837957,179.92402993107848
epigenomics_242_map_154,10523.150093926104,178.57341727422556
epigenomics_242_map_155,10000.075692829007,189.72096380799064
epigenomics_242_map_156,10280.132460756966,182.8059565355632
epigenomics_242_map_157,9691.85265829465,180.0886461283087
epigenomics_242_map_158,10305.501583643787,189.75462943866307
epigenomics_242_map_159,9078.060076718575,190.55842871856086
epigenomics_242_map_160,9311.996752555155,188.62667534927348
epigenomics_242_map_161,9449.233195130397,191.56127711453732
epigenomics_242_map_162,9302.628821828299,185.2602117552124
epigenomics_242_map_163,9528.644406040266,192.97412596505018
epigenomics_242_map_164,10165.731104305265,180.641305057858
epigenomics_242_map_165,10003.10226424322,188.7356529798552
epigenomics_242_map_166,9590.805656650788,182.59616557608388
epigenomics_242_map_167,9992.385084142621,186.1287661137659
epigenomics_242_map_168,9546.575748306997,180.5252596562157
epigenomics_242_map_169,10931.43762394855,187.71165022221456
epigenomics_242_map_170,9539.508615023498,185.97409759373215
epigenomics_242_map_171,9513.2178679832,188.42158659936376
epigenomics_242_map_172,9432.095967629748,189.34068043876914
epigenomics_242_map_173,10117.271698040853,185.41660194431776
epigenomics_242_map_174,10080.32036724405,190.28482148834493
epigenomics_242_map_175,9094.510165010319,189.78378506044413
epigenomics_242_map_176,9604.89721722467,189.11751464662964
epigenomics_242_map_177,9656.14076996651,181.25539427816793
epigenomics_242_map_178,9559.991619452896,180.87620024722116
epigenomics_242_map_179,9989.769300894843,179.88622425283847
epigenomics_242_map_180,9921.329963398524,177.3284591285791
epigenomics_242_map_181,9490.202986316857,190.2884457281414
epigenomics_242_map_182,10303.377816983439,192.4448141993779
epigenomics_242_map_183,10217.939751076497,187.6402456027209
epigenomics_242_map_184,10442.441042286222,192.4048290146673
epigenomics_242_map_185,9575.424232455882,189.64012304887314
epigenomics_242_map_186,10227.708602012133,180.0690475808091
epigenomics_242_map_187,9959.091312395345,180.89139250829172
epigenomics_242_map_188,10028.386717789996,181.08172395216343
epigenomics_242_map_189,10145.193644092038,188.11224047684175
epigenomics_242_map_190,10018.316559583529,185.8352128882741
epigenomics_242_map_191,10068.690978454439,180.24178419232564
epigenomics_242_map_192,8768.361870652527,187.4153338612512
epigenomics_242_map_193,9840.187381163656,173.8665699676579
epigenomics_242_map_194,9456.198313916395,184.25341347189092
epigenomics_242_map_195,9661.237495052696,183.83485736135665
epigenomics_242_map_196,9545.442351828495,182.061920867626
epigenomics_242_map_197,10745.390812658943,184.20961451195905
epigenomics_242_map_198,9782.17212196303,188.08670568909963
epigenomics_242_map_199,9994.226370885137,181.52692816929869
epigenomics_242_map_200,10119.845504862591,189.71069818215182
epigenomics_242_map_201,9428.052342396744,184.76416565746968
epigenomics_242_map_202,9562.399248338517,192.9477302129847
epigenomics_242_map_203,9491.09751976716,182.04850819397961
epigenomics_242_map_204,9568.584720958645,176.74768758490146
epigenomics_242_map_205,10423.954658443685,185.96104289957822
epigenomics_242_map_206,10527.164078892441,190.37285346626027
epigenomics_242_map_207,10387.369490898136,174.82148692418664
epigenomics_242_map_208,9890.475360348897,174.7884441443706
epigenomics_242_map_209,10106.986747270654,192.66337374157482
epigenomics_242_map_210,10118.676335483076,192.16662873684456
epigenomics_242_map_211,9951.468452338766,180.1181186473446
epigenomics_242_map_212,11117.017764321283,191.6128244915901
epigenomics_242_map_213,9066.658941776403,184.42996674063804
epigenomics_242_map_214,9963.685087929767,185.86123049705867
epigenomics_242_map_215,10815.816023194722,186.92948548538456
epigenomics_242_map_216,9864.366491248595,184.27083516804905
epigenomics_242_map_217,10123.626612439486,190.88247143038356
epigenomics_242_map_218,10473.021567430464,188.83897508275018
epigenomics_242_map_219,10441.853724272396,182.17266348725502
epigenomics_242_map_220,9961.766204035082,182.91710133988204
epigenomics_242_map_221,9567.215334382881,184.30992562159835
epigenomics_242_map_222,10703.79819937349,183.85635912027467
epigenomics_242_map_223,9927.161301055565,184.44154424201537
epigenomics_242_map_224,9422.332450859863,186.4683471430903
epigenomics_242_map_225,9652.718662719977,179.19338228241585
epigenomics_242_map_226,9588.087107346908,189.02064142587375
epigenomics_242_map_227,9551.20425254649,178.78542534473186
epigenomics_242_map_228,9345.152288400024,191.82286432458082
epigenomics_242_map_229,9897.453437216005,179.93846519106012
epigenomics_242_map_230,9908.800118979572,180.03668272729158
epigenomics_242_map_231,9754.338110499375,170.32295432682153
epigenomics_242_map_232,10380.364085921488,189.35741997028464
epigenomics_242_map_233,9805.52951910201,174.33345255537606
epigenomics_242_map_234,10311.974716100174,170.557078872393
epigenomics_242_map_235,10199.075926353711,191.74083088878814
epigenomics_242_map_236,10236.297603298908,186.05530026722718
epigenomics_242_map_237,10214.808890179382,180.69945373946064
epigenomics_242_map_238,9378.353435488036,175.93038831543802
epigenomics_242_map_239,9446.43634558279,178.96027420652823
epigenomics_242_map_240,10325.830650026508,185.86452625282107
epigenomics_242_map_241,9482.23129678848,183.29474419915616
epigenomics_242_map_242,10593.84988414132,178.3994659767107
epigenomics_242_map_243,9428.911074854499,192.3868895382033
epigenomics_242_map_244,9450.800253179212,193.12423159511204
epigenomics_242_map_245,10135.028755709656,185.8400527659891
epigenomics_242_map_246,9912.886833187027,185.2220894387661
epigenomics_242_map_247,9459.615924377895,182.56398268849048
epigenomics_242_map_248,9575.159006265332,193.7939008570803
epigenomics_242_map_249,10019.312094161924,186.59787603765236
epigenomics_242_map_250,9807.65702092496,187.1048147912797
epigenomics_242_map_251,9768.279506463712,190.67728647566219
epigenomics_242_map_252,9545.251960427602,197.48058624217745
epigenomics_242_map_253,9365.961500036461,183.1891799922031
epigenomics_242_map_254,10546.039063776318,183.13494942440437
epigenomics_242_map_255,9947.982677772676,182.8333588295172
epigenomics_242_map_256,9617.630415743237,176.123315844118
epigenomics_242_map_257,10491.20125591021,185.0470644670803
epigenomics_242_map_258,10285.69209931719,188.57858973638545
epigenomics_242_map_259,10038.525219947229,185.43009359414305
epigenomics_242_map_260,9617.115172694885,186.80745326631782
epigenomics_242_map_261,9112.93829835504,185.7420461208586
epigenomics_242_map_262,10441.639395151708,185.87880742353985
epigenomics_242_map_263,9168.174118293824,177.6699742946865
epigenomics_242_map_264,10856.5664102977,202.4175878037747
epigenomics_242_map_265,9795.274156354277,185.60825389632657
epigenomics_242_map_266,9309.201209611027,187.8509352816847
epigenomics_242_map_267,10234.17358003324,178.2708672012443
epigenomics_242_map_268,10381.893620150266,181.95299495489976
epigenomics_242_map_269,9704.016163416607,189.40956445167495
epigenomics_242_map_270,9731.56640254884,189.75197931966596
epigenomics_242_map_271,9080.0349741812,180.29752815779406
epigenomics_242_map_272,9908.065181415093,190.42739353371041
epigenomics_242_map_273,9885.084024379517,182.90688613494763
epigenomics_242_map_274,9965.70923474071,184.9916996515186
epigenomics_242_map_275,9976.83765242635,188.0692795176135
epigenomics_242_map_276,9456.502523263747,186.87392971112834
epigenomics_242_map_277,9721.851463473446,179.55201729256032
epigenomics_242_map_278,10470.860414644401,188.16932260215498
epigenomics_242_map_279,10853.205194651511,185.4524518435846
epigenomics_242_map_280,10532.51623322952,176.786143423816
epigenomics_242_map_281,9620.867946986982,189.19257220140588
epigenomics_242_map_282,9698.768569378863,178.85032937704725
epigenomics_242_map_283,9726.948688976741,180.01019456722005
epigenomics_242_map_284,10260.218215271545,179.5316765889574
epigenomics_242_map_285,8652.805737421439,183.71739406408142
epigenomics_242_map_286,10707.926403830708,181.35369037854187
epigenomics_242_map_287,9396.571829791317,188.806634821056
epigenomics_242_map_288,9966.721798379653,185.75979752085237
epigenomics_242_map_289,9554.922403167191,197.14620126517
epigenomics_242_map_290,9405.98406984034,183.53268570518472
epigenomics_242_map_291,9445.703521981837,177.36821660838658
epigenomics_242_map_292,9585.352517535379,188.82815413997338
epigenomics_242_map_293,9125.494225845541,187.30876671809372
epigenomics_242_map_294,9853.919410971026,193.13880727357989
epigenomics_242_map_295,9854.320007702507,180.677704374884
epigenomics_242_map_296,10544.100959687366,184.7627568680383
epigenomics_242_map_297,9631.263886055473,190.36160374409417
epigenomics_242_map_298,9412.856410593184,186.33432102344986
epigenomics_242_map_299,10235.891210041318,189.70302671685096
epigenomics_242_map_300,8958.722814632662,181.57243493478762
epigenomics_242_map_301,9596.919130541164,181.9941888710114
epigenomics_242_map_302,9498.95932985243,189.92357730310704
epigenomics_242_map_303,10084.425176594601,180.03570779928117
epigenomics_242_map_304,10459.035160310557,188.51720664538826
epigenomics_242_map_305,9629.360910966556,187.66501077808368
epigenomics_242_map_306,9831.716243345603,183.34405872019116
epigenomics_242_map_307,10422.414273287877,179.20838550012
epigenomics_242_map_308,9488.951399088823,177.96944203475343
epigenomics_242_map_309,10291.259689178109,175.3889569335825
epigenomics_242_map_310,9098.912199575367,186.0785856637749
epigenomics_242_map_311,10907.921980094772,187.44371817796392
epigenomics_242_map_312,10879.022489903658,181.33523142390956
epigenomics_242_map_313,9866.955359931078,180.21351453423782
epigenomics_242_map_314,8535.69585497685,185.2071282808543
epigenomics_242_map_315,10561.96235812751,186.98922201397926
epigenomics_242_map_316,10635.171779028511,186.58692887086104
epigenomics_242_map_317,9316.220160769528,185.98556775144357
epigenomics_242_map_318,10354.912654795107,181.52525589022244
epigenomics_242_map_319,10022.398280697833,184.83406831986017
epigenomics_242_map_320,9724.435721123045,193.41399284690544
epigenomics_242_map_321,9981.187849284446,186.81394870921457
epigenomics_242_map_322,9322.984168483224,181.97256639677562
epigenomics_242_map_323,9765.704643134073,190.82814721120704
epigenomics_242_map_324,9890.21594032818,190.7931424508678
epigenomics_242_map_325,9880.208849003815,191.24162595045146
epigenomics_242_map_326,10103.794010199737,184.38106213647242
epigenomics_242_map_327,9681.5221571949,196.30520712126133
epigenomics_242_map_328,10252.519119533346,191.2073892625266
epigenomics_242_map_329,10466.316686183352,184.62678482346644
epigenomics_242_map_330,9451.60349811994,183.55651277074773
epigenomics_242_map_331,8740.76520074347,176.6272500213594
epigenomics_242_map_332,10031.041448352164,188.26364745595083
epigenomics_242_map_333,9632.020829856257,185.14007929023415
epigenomics_242_map_334,10084.064618838087,182.40660814904032
epigenomics_242_map_335,10666.269911245727,173.54813403654313
epigenomics_242_map_336,10398.159448755114,181.2264974122514
epigenomics_242_map_337,9919.371121022474,172.36048052523128
epigenomics_242_map_338,10497.597032833886,183.44092184441374
epigenomics_242_map_339,9977.434142715096,172.22606695902067
epigenomics_242_map_340,10009.88521928596,188.69615954431205
epigenomics_242_map_341,9791.712779087851,184.82991680993106
epigenomics_242_map_342,10722.583608806304,183.34819951421574
epigenomics_242_map_343,9455.500267339597,186.31531427519593
epigenomics_242_map_344,10434.315648548853,187.60733341635262
epigenomics_242_map_345,9474.99495678219,188.24714153699014
epigenomics_242_map_346,10214.408353226623,187.05876338186948
epigenomics_242_map_347,10231.677556570872,179.48216583434694
epigenomics_242_map_348,9754.600443490606,186.96239177190296
epigenomics_242_map_349,9987.571485887689,185.02224106517838
epigenomics_242_map_350,10321.73294431122,180.8956805678706
epigenomics_242_map_351,9117.608552585307,180.2525956786396
epigenomics_242_map_352,10346.625896894713,181.00053473791237
epigenomics_242_map_353,10484.653198182086,188.22090623455867
epigenomics_242_map_354,10545.235298667161,172.92597176207053
epigenomics_242_map_355,10033.240732851973,185.4277498427766
epigenomics_242_map_356,10163.862534512418,184.09393251426673
epigenomics_242_map_357,9852.420138539219,170.52519880373754
epigenomics_242_map_358,9766.912690004692,182.81441812495052
epigenomics_242_map_359,9517.084913509401,184.67106848798775
epigenomics_242_map_360,10273.711314305256,181.45142735802048
epigenomics_242_map_361,9477.67356390751,186.39363766799292
epigenomics_242_map_362,9678.528881094833,187.89686573136376
epigenomics_242_map_363,9451.950546111357,183.72981835361216
epigenomics_242_map_364,10171.936734575565,193.9014016472526
epigenomics_242_map_365,10796.120916969126,182.35958468548202
epigenomics_242_map_366,10488.810525851033,182.24052718799203
epigenomics_242_map_367,10063.084910208316,182.5094189251305
epigenomics_242_map_368,9482.301230193523,189.9529408818061
epigenomics_242_map_369,10136.062868453877,182.17603632946157
epigenomics_242_map_370,10249.007738698068,182.81127968935357
epigenomics_242_map_371,9328.182965226702,192.23335761261157
epigenomics_242_map_372,10836.618941612227,184.13106557934353
epigenomics_242_map_373,10175.741926976723,178.82850984840942
epigenomics_242_map_374,9453.41963876566,191.63269873260873
epigenomics_242_map_375,9982.40308101505,187.84018421952143
epigenomics_242_map_376,9732.972836610044,182.85465380976459
epigenomics_242_map_377,9338.189863717302,181.15648912413158
epigenomics_242_map_378,9968.429342465128,191.93554750174323
epigenomics_242_map_379,9865.246987492139,190.04258082255043
epigenomics_242_map_380,9910.322229798097,185.15785594303438
epigenomics_242_map_381,10429.667748428557,188.6379925273599
epigenomics_242_map_382,9634.310314703374,179.4783631953588
epigenomics_242_map_383,10813.154771920228,185.0660509197854
epigenomics_242_map_384,9057.810083941602,176.32973722702965
epigenomics_242_map_385,9973.49055659742,183.62255848524225
epigenomics_242_map_386,10072.325098278767,187.59848993493196
epigenomics_242_map_387,10863.389244874603,171.69043141833794
epigenomics_242_map_388,9455.756498389625,180.51094484897513
epigenomics_242_map_389,10465.758087333668,176.33143844976442
epigenomics_242_map_390,10381.887569065639,188.23565988756377
epigenomics_242_map_391,9467.57459364142,190.75570426706938
epigenomics_242_map_392,9686.41470455859,185.6701310719657
epigenomics_242_map_393,10684.55172263334,188.18243169141704
epigenomics_242_map_394,9812.926940520521,177.54950247311436
epigenomics_242_map_395,9983.086908150777,193.3735134114125
epigenomics_242_map_396,9583.12406285792,176.30930227281743
epigenomics_242_map_397,9951.889743813097,183.01018213577927
epigenomics_242_map_398,9161.00932262933,179.49238668900807
epigenomics_242_map_399,10447.295349580274,183.77121629682378
epigenomics_242_map_400,10214.187919727909,188.3217644871332
epigenomics_242_map_401,10138.734489043949,190.53147994392216
epigenomics_242_map_402,10779.386003616319,182.76205449291413
epigenomics_242_map_403,9251.273951326828,182.02453238116343
epigenomics_242_map_404,10044.37655231811,187.39482344625605
epigenomics_242_map_405,9533.858499683398,185.39310105302513
epigenomics_242_map_406,9279.534942768072,181.27113097774568
epigenomics_242_map_407,9435.745890683056,191.680729917032
epigenomics_242_map_408,9984.558904373287,184.29781556808163
epigenomics_242_map_409,10140.261164644784,187.6878150214025
epigenomics_242_map_410,9840.265310907991,184.78277700263422
epigenomics_242_map_411,10294.879845209354,193.8164470831396
epigenomics_242_map_412,10452.597269350916,177.63031904977396
epigenomics_242_map_413,10314.11298589485,187.8559703159264
epigenomics_242_map_414,9930.285322279833,183.27115680698907
epigenomics_242_map_415,10105.617528009518,183.6034970941655
epigenomics_242_map_416,9408.891742392278,181.82749157375238
epigenomics_242_map_417,10037.890852474484,189.42374336957334
epigenomics_242_map_418,9076.899236535432,188.5438455651001
epigenomics_242_map_419,9074.562938088216,187.75660498024595
epigenomics_242_map_420,9169.520204654973,186.77781707929302
epigenomics_242_map_421,9407.202563274512,184.17411380460103
epigenomics_242_map_422,10822.36560586504,184.0725326486985
epigenomics_242_map_423,10704.215118212867,179.11649717792935
epigenomics_242_map_424,10144.70603265139,187.10327780153617
epigenomics_242_map_425,10672.76051357256,175.96689638667607
epigenomics_242_map_426,9396.269792948493,185.92374344823378
epigenomics_242_map_427,10688.648230817773,185.55726023671903
epigenomics_242_map_428,10698.633794801677,186.72238429924707
epigenomics_242_map_429,10718.514620514268,187.77757985381461
epigenomics_242_map_430,9413.865958417959,181.7598865605316
epigenomics_242_map_431,9999.788773972685,189.4983601444222
epigenomics_242_map_432,10212.989208203631,188.7607364659207
epigenomics_242_map_433,9151.796236181355,181.4647847759526
epigenomics_242_map_434,9955.130332672012,188.49022125862234
epigenomics_242_map_435,9490.259063058902,189.22457554136508
epigenomics_242_map_436,9977.227525890736,188.91131614059003
epigenomics_242_map_437,9609.615762613448,184.21220750989383
epigenomics_242_map_438,10586.863298821903,185.21943277727198
epigenomics_242_map_439,9800.50121299199,193.73483880505114
epigenomics_242_map_440,9675.330797546134,183.60513283393996
epigenomics_242_map_441,8886.783181685441,185.04980782366286
epigenomics_242_map_442,10043.46782056515,183.41950587767766
epigenomics_242_map_443,9614.993134698494,179.33155682222431
epigenomics_242_map_444,10405.420615342025,196.1015260849528
epigenomics_242_map_445,10097.793914353628,182.70094731851037
epigenomics_242_map_446,9727.5820127131,183.31316598969354
epigenomics_242_map_447,10571.56353100354,182.68686917239367
epigenomics_242_map_448,10076.646049504001,184.5365287204602
epigenomics_242_map_449,10990.713165221994,188.5217563727373
epigenomics_242_map_450,9140.870816881863,186.85490521285757
epigenomics_242_map_451,10017.733248970108,192.69917499437068
epigenomics_242_map_452,10834.082784974118,193.65691112327798
epigenomics_242_map_453,10474.772829064157,180.97750335029764
epigenomics_242_map_454,9851.91173744116,192.43852631721285
epigenomics_242_map_455,9935.719717515945,181.3232192105136
epigenomics_242_map_456,10066.278784889088,184.59453308903605
epigenomics_242_map_457,10316.469094554637,185.03103736445104
epigenomics_242_map_458,9823.85391547259,189.9694623556612
epigenomics_242_map_459,9871.58365737091,179.63614798244427
epigenomics_242_map_460,10441.529718036369,179.15028784278948
epigenomics_242_map_461,9346.64738479978,176.8380861936153
epigenomics_242_map_462,9535.561507450335,182.6258653840201
epigenomics_242_map_463,8944.388121408905,185.48587208281825
epigenomics_242_map_464,9875.869023005389,183.6216480083362
epigenomics_242_map_465,9557.23153623687,186.9497048914726
epigenomics_242_map_466,9231.935787318514,182.94684994175867
epigenomics_242_map_467,10368.055763738414,181.83948358434975
epigenomics_242_map_468,9981.178554481898,186.52939490846873
epigenomics_242_map_469,9910.025342919505,180.46165088700857
epigenomics_242_map_470,10483.16436729408,187.6041836260832
epigenomics_242_map_471,10715.598357740373,185.57798160212826
epigenomics_242_map_472,9511.192587191556,190.028431921411
epigenomics_242_map_473,9975.152928255155,188.57808550940408
epigenomics_242_map_474,9075.367300961392,182.28781350228073
epigenomics_242_map_475,10434.503712780846,178.77463821027845
epigenomics_242_map_476,9989.326102522538,185.97959151302305
epigenomics_242_map_477,10467.323038125483,182.1434466683422
epigenomics_242_map_478,10499.034331361541,180.5572676102687
epigenomics_242_map_479,10481.088386647587,182.41409624623452
epigenomics_242_map_480,10103.915037968902,184.23879097677394
epigenomics_242_map_481,11316.072374633182,188.8951354134322
epigenomics_242_map_482,10311.513300684739,178.74661110740217
epigenomics_242_map_483,10094.973089299152,183.40129155368967
epigenomics_242_map_484,10105.876745171136,180.59058210889208
epigenomics_242_map_485,9879.324967303453,182.8557631460749
epigenomics_242_map_486,9124.885138963498,182.33798393178148
epigenomics_242_map_487,11051.69921686079,188.1437204072713
epigenomics_242_map_488,10383.581311262527,180.27946207604418
epigenomics_242_map_489,10138.038743046352,185.77143997634468
epigenomics_242_map_490,10027.873500049545,183.38566581173637
epigenomics_242_map_491,10279.548684117892,187.196507138784
epigenomics_242_map_492,10005.933817461957,186.06585442638044
epigenomics_242_map_493,9439.53628180792,185.6816906189709
epigenomics_242_map_494,9948.984225483058,188.54832115811814
epigenomics_242_map_495,9902.576236435889,188.26517132100957
epigenomics_242_map_496,11041.99184645662,185.13795696380348
epigenomics_242_map_497,9813.44354511913,180.25189337110106
epigenomics_242_map_498,9932.174376732482,169.55698609633774
epigenomics_242_map_499,10016.048198007564,188.30701045402287
epigenomics_242_mapMerge1_0,84.23013682857871,103.00491168360273
epigenomics_242_mapMerge1_1,114.24080784503634,132.23723833515777
epigenomics_242_mapMerge2_0,107.04218817487647,126.0351071641128
epigenomics_242_chr21_0,158.95656425589192,52.066586043258894
epigenomics_242_pileup_0,167.4857959978465,102.66371055700439
